18⁷2. 653

11111111, 111111 1 1111111111 1111111111 1 1111111 (111111, 111111
1111111, 11111111, 111111111111111 61111111, 111111111111111111111
1111111111 1111111111 1111111 11111111111111 111111 1111111111,
11111111, 11111111, 11111111 1 11111111 1 11111 11111 1111111111-
11111 1 11111 1 11111111111111, 111111 by v ty 1111 1111, 1111111111
111111 pro 111, 1111111111 1 1111111111 111111, 11111111 (11111111,
1111111 1111, (1111 1111 1 11111111 1111,1111111,(111111111111111111

11111 1111 11111111111 111111111, 1111 11 11111111, 1111111111111111111
1111 1 11111 11111111 1111 11111 1111111111 11111111 11111Β11111
Ν 1111111111, 1111111 by v ty 11111111, 1111111111111111111111111
1111111 11111111, 1 111111 11111 1111111111 by 11 11111, 111111
11111111 111111 111111, 1111111111, 1111111111, 111111111111, 1111,
1111111111 111111111111 1 11111111, 111111111111 1111111 byli by,
11111 11111 111 111111 11111111 11111 Brodu 1111111111 1111
11111, 111111111111111111111111 1 11111111111111111, 1111 11111111
by 11111111 1111111111 111111111 1111, 1111111111111 k 111111111-
1111111 1111 1111111111111 111 1111111111 11111111, 11111111 111
111111111111111111, 1111111 1111111111, 11111111 1 111111 (1111111111
1111111111 1111 11111111111111 1111111111 1111111111, 11111111
1 11111111 1111111111 1 1111111111 11111111111111111111 Ρ111-
11111 111111 111111 1111111111 11111 111 11 11111111, milost
11111111 1111111111 111111111111111111111 Brodu Ν1111111111
11111111, 11111 111111111111 11111111111111111, 11111111, 1 11-
11111111, 1 111111111 1111 1 111111111111111111111111. Tomu na
11111111111111111 1111111111 1111 111111111111111. 1111 1 Ρ1111
1111 1111 1111111111 11111111 LXXII, 11111111 (11111111 111111 (111),
111111111νί1 111111 1111 XXVII 1 1111111111 111111 1111 11111111111.

Ρ1111111 1 111111 XV stoleti v 1111111 111111 1 1. 1111 111 181 11111111
m. 1111111111 Brodu. - 1111 1111111 11111111 111111111111, Ρ111111111 1111111
11111111 (11111111. stt. 181.

* (111. 462.
1372, 111 1111. V Praze.

01111ν Karel IV 1111111 list 11111111 11111 1111111111 1 1111111111
mesta Piska.

 

