umwmwmmm
nwmmwwfflmn

lm

1167, 1180,1181, 1181, 111111111093,
11111111 1161,

- berne 111, 111, 111, 111, 111, 111, - rychtffi 93933 ¹²⁶, 1⁷8-180‚28⁹‚

691, 866, 866, 811, 901, 918, 989,
981, 1081, 1181, 1111111111111697,
717, 1098, 111111. 1111111, 111 (11111)
mmmmmmmm
mfflfflwwfflmw
1111111 1111111861, 0111111111180,
1111111111 111111 348 11 318, 1118,
1118, 11111 709, 710, 1111111111809,
swmmmwmmm
mmmmmffimm
881, 709, 768, 767, 1081,1111111111-
11111 997, 11111 11111111 788, 764,
11111111 1111111111 991, 981, 389, 346,
mmmmmmmm
11111111 709, immunita 1111111 167,
ωωωωηωωω
883, 881, 111111 11. 111111 709,
11111 11. 1111111 pfl 11111111 971, 979,
· 1111111 11111111 1087,

- 11111111 1111111, 11111111, 1111111111-
smmmmmwfflwm
mmmmmmmffl
mQfflmmfflmm
mmmmmwmm‚
mmmmfflmm
mmmmmmmm
1110, 1167,1181,1181, kostel 11111
11. 111111111 179. 981, 709, 1081,
kostel 111111111767, 111111111111
1 111111 198, 199, 111111 180,11111
1119, 1199,111111111’789, 1111 k 111·-
mmmmmem
11111 1111111 1116, mir 11111111 917,

mmmmemffl,
mfflmfflmmffim
QOmmmm
fflffimmmmmm
mmmmmmmmn
mwwwmmmffl
11 1069, 18111111111 891, 167, 169,
1111,1117, 1111111 179, 1111111111·
&mmmmmmmb
mmmmmmmmm2
111197, 111111 11111 161168, 468,
619-611, 819, 816, 11111 11111111 391
11393, 811, 888, 881,11111111111 767,
111111 111111 996, 999, 881, 1080,
1111111 1111111891,999,381, 717, 1111111
81111 111111 11111111 3811
1 1 1
996, 1111111111 1111111 11111111 816,
1113, 1118, 111111111111 111111 186,
118, 1111111111 do 1111111841, 111111
1111111876, 9811 111111 709, 111111
1111111111 11. 7111111 11 1111111111
111, 111, 111, 111, 111, 111, 111,
661, 811, 819, 811, 816, 1111 1111111
161, 168, 168, 11111 818, 817, 111111
ze 11111 1111111111 698-800, 818,
wmwmmmmm
9QmmmmmmwQ
1180, 1111111111 1 111111 991, 111111
1111111 11111111 1089, 1111111111 767,
11111111 111111 161, 168, 168, 11111·
816-618, 597, 1811111611 118811111111,

1111, 1111; 1111111111111111,111, 1311111 6⁷³, 928, 1169
979, 988, 803, 1088, 1087, 1089, 111- 8181111 mesto, Β11111111, 8111111111,

111991, 1116· 111111111, 11111111

mfflmfflfflmmz

⁶9⁸» ⁶9⁹3 0391103 3331 ³⁰⁶2 338Τ3331 2 61881111 1111111111, 11111111 1111111111
711, 818, 819, 1111111111 1111111111 420,

911, 899, 818, 819, 1111111118111111
738, 1116,ι 11111111111111 991, 11111

1118118111, terra 8111111111111 310,

1111111111 180, 1111181, 1111111111 343

818, 1111, 1147, 1111111111 991

a Badhan ves 186,

313, 818, 8493 pom! 1035, 1113, 81111111, Β1111111 oppidum 31, 39, 41, 42,

1118, 1111111 111111 989, 1111111

mmm

1099,1111111111111798,1008,1081, Buchbery, hory 1 1111111111 Β11111

1086, privo 1111111111 861, 668, 888,

6111.

1111111 1111116 167, 169, 1114, 1197, 8111611111, Pnchperger 901.

mico 818, 888, prodej 11111
818, 1111889, 11111818, 1111111111
961, 1111111111 do 1611111, purk-

011111 819, 8111 ww 811111111111111161,111111.
Bull 1111111111 .· 31111111 IX, 816, 1111

mm

minii 411, 4⁶6, 453, 111, ⁸11, ⁸12, 811111111191111111111111111111.

818, 811, 816, 819, 868-866, 876, Bana, Bohunco, Bunco, 11111111 m.
mwmfflwmmafflmmfflmmmm
mmmmmwmffl

181.

 

