1111. 411

fida oni 1111111 1111 11111111 (111 soll 1111111111 111111 11111111 1111111,
1111 11111 lodi 11111111, 11111 1111111111111, 1111111 1111; 111)
1111111111, 1111111111 by oni 1111 111111 111111,11111111 1111111111
11111111 111111 11 11111 111111111111111111 11111111 11111, 111

mol 11 11 11111. Τ1111 1111111 11 1 Μ111111 111111111111111
1 11111111 11111, 111 by 1111111111111111111111111111111111
Ι1; 11111111 by 11111 11111111111111 11111111, 111111 111111 1111111 11
ι [1111111111 1 1111111111111111111 1111111, 111111 111111 111111
tt 11111 1111111, 1111 11111111 11111111111 111 1111111111111111
ΙΙ 111111 11111111 111111111111 11111 (111, 1111111111 1111111111111
mig anob 111111 druhy' 1111111111, 111111111111111111111111;
11111111 by jim to 1111111111 1111 11111111, 11 111 11111111 1 111111-
1 11111 1111111 1111111111, 1 1 11111 1111111 1111111, 1 111 11111111 111
111 11111111 11111 111 11111111111. Β111-11 by 11111, 11111 ti 11111-
11 111 11111111 1111 111 11 by voda 111111111111111111111

111111 11 11111 111111 1111111111 11111 1111111111111111111111111111, ’

111 maji jim 111111111111 ty 1111 11111 11111111111111, 111111 11111
11111111,1111111 1111111111οοί 11111, 111111 1111111111 1111. Β111·11
· 11111, 11 by 1111 1 11111111 111 (111111111111111111111111111
111, 11111 by 11111111, anob 11111111 1111111111,11111 111 11111111-
1111111 11111 11111111 k 11111 11111111 11111111, 1111111 1111111 1111111
1111111111 1 111111 111111 11 11111111111,1111111 111111111111111
11111 1111111111 1 tom 1111 1111111 11111111 11111 1111111111111111
11111 1111 11 nich 1111111, 11 111111111111111111111111111111
111, 111111 111111111111 1111. Potom ti 1 Μ111111111111 111111 Li·
11111111111 1111111, 1111 1111111 1111111 byli 11111111 1111111111
1111 1 111 11111111 timi 11111111 11111111111,111111 (11111111111ς
1 11111111 1111111111 11 11111 1111111111, 11111111 1 prava povinni 1111.
11 11111111 111111111 111 1111111, 11 1111111111 111111 11111111111
11111111111111111 1 1111111111111 111 111111 proti Μ111111111111
11 1111111 1111111, 111 111111 111 1111111111111111111111111111
&mu 1111111 111 1111 111111 111111 111111 11111111111111111111,
fi 1111111 11111 1111111. Τ1111 111 1111111 111111111111,111ο1111111
1111 111 11111111 11111111 1 11111111111111111111,1111111111111
, 1 (111111 111111111111 11111111111 111111 11111 1111111111; 1
111 111 111111 11111 1111111111, 1111111111 basto, 11111 by 1111111-
11

 

