W Μ11,10110001011 111
0410110, 0111Γ1ιοὴ1011ὴίἒ>ἓξὲιγιὲι1ῃο0 100,

801010 00,1011,1ᾖο11001 m. 101100 1130,

110’1”, 0110110 011101 m. 111101

1100,’ 1101, 11110101, 81011111 011-

0101,11011’10,01010100111111. 111.

000-0001011011181001111 Epis·

copi, 1010111111 01111111001080.
Bm, 101170 25, 08, 79.

8100011110 010111110,1110101011181

01101 (0130011 0101011 811001110-

sin) ilji 0101101110 00, 111011 81-
101110 1111111110 100101 10.

810001. 3001100.

80011001, 1111, ’011010 81101011 000 11

80011οε0, 1011111111 111111 IV, 017.

2 800101010οΜ 011011, 10111 po 010-
01100111 11100 380, 070.

80000 11 Labi 0 1000100110, 1111111101,
0110011, 1101011 000, 008, 410, 000.

800000, 011 11101 040.

800100110110111, 1101110, 111 1811001-
1 1070.

8001011, 8111011101, 10011011 m. 801.
11001000.

010100,0111010,0181101110 00
8001140111, 81011111, 1140, 1140.

80111 1101110, 1101011 1111110 7.
8100101111 0 8001110 300, 000.
z 80001, 811110,11111000 1101111700.

80001, 1111010 01101110 0810111111
11 001111, 810110, 801110, nomine
theutonico ’8100100,’1011111111’1, 11011111,
mmmfflw.

0 800110, 01 8001101111, 1111οΙ01 11100101
1 11111 Rutu& 010.

80οά [z 1101110001] 000.

80011110, 1101111110 11110110 000.

Μμωωωώωωο.
8000000100,3101110110111111,110111
mmm

8010111000, (11011111, 1111110111 1001101111
80110100110110110 1101111111’ 40, 40.

z 810111ιὶ010,Μοοω0101, 0110111111

80101181, 11111 01. 8011101110 Ι008, 700,
707, 01111410 11, 81101111 801.

3101110410 V, 161001 10ιο0110010 1188,
111118111111010 1 10000011010117,
1111110011
1050.

800101, 101110011 1100 1111101οὼ10-
1110’11110101001010,01000101010·

1183

11011010 11110111 11011110 000, 004,
0,οῠ 00,0 1111111 011111 110010 1Ῥ11-’
00010,11’111)1111Ῥηὶ110,
8001111018110111110 008.
Bo 0001 0.
Romaiu 0010 801.
8001100,1101]’11110110011011110 080.
800001 81011110 Lhoty Ζ1110100774.
Rotae, 81111110, 80111, 81110, 101001
8011101110 000, 004, 007, 008, 010,
030, 007, 001, 1010010 11110 040’
001, 807’, 101001 3110010 040, 007.

81401001 0100001 011100 80110111.
80001000 010010010180111111.

8000001110 1100, 0110110001 8011111011
111,1.1111,“’80101111110,01·00οο0
8110011111000011101000.

80111000 01001011 004.

8111101 111ρέ000 708, 014, 810, 800,
Qfflmmmmmm

Bmmwmmm
08010000 111, 113110111οο1· 01001110,

100ραῖ010130.

Bor, 11111 1111111101ιο 801, 111 11111001
Κ101118148,101,117.

8010011101 888.

Bora 1 811110111111 8111100111.

8011000, 0111110180101111010 000, 060.

n 81100010 811101, 10011 po 1111011
z Klenovic 040.

080100 ,110010 1 111001 1110, 1111111
00001040.

1801010 81111, 811101, Dyrzcho de
8111101100, 171.

2 8ῧὲιό 81111111, 110010111110110 1044,

801100 8111001, 1111010 1111101011110
80’1’Ξοἰ’11’ζο”1111100 000.

z 80110010 1111011,011110111 0111110011
a 8001001101 310111 000.

100180οἒοΐ 01 81101110,8010111110 110
1

801111,1010111101011101,1110001011·
11100’10315,488, 1084.

Bo} ‘'ck 111011, 01101 1010010111, 1111110
m. 11101 nL. 787.

80810οι0,1010111001111111101,110·.

80110111 10110080101110111 1101,
Ρ111031,000.

Bonam proti 1101111 10111110 440, 404.
Βοωο1ᾏ1010111μί10 000.

8011002 3 00011ιῖ 01111110 1111111011 1100110011

8111011111

 

