011101111110 90. 011, ,11101 300,
391, 1101001111 1111111111 01111111 391.
111· 111101 111. 110, 101, 111,

m

899,1,1111111111 1111111110 900, 901,
{aih 09111111 301, 899, 1111111110
' 5

1111111 1 11111 1191111 ,1111111110 nob - 11111111 1111111111· 011, 691, 939, 980,

1101101111 191, 190, 911, 930, 1101,

1111111111,

- immunita 1010113110, 001. 900, 310.
1113-1118, 11111111 11. 11111, 999.
kl. 1111011111 39, 11111111, 11011111· 1.
ρ1111111,111111111111111911 109, kostel
11111 1101111911. 111110 01, 11110111.
01111100, 11111110190, 099, 030. 1111
11 1113, 1111 1101111111 0111011111.
11110011111111 01. 09, 91, 96. 1110.
891, 111111111111 313, 393, 391, 010,
1111 11111111 313,

- 111110 111111111110 00 1101111, (Pesla-
390, 331, 001. 003, 1111110 1111111033,
031, 11111101111111111 199. 193. 190,
190, 111110111101111-11, 1111 11111-
sky' 1.111111110, 11011 11111011 393.
891, 11111100 (1111111111. 1111111) 09, 90.
196. 368, 311-310. 111, 119. 119.
fflmmffimwffla
819. 911, 11111011 1110111 110, 111.
911, 1111111111 ,1111111 11 0111111111
919. 1111, 1111, 111111 1111111111 9, 3,
311,113, ν

- ,111111 11111111 399, ,10119111 01111111
mmmmmwm
100-100, 910, 1. Ζ11111111 ,111101
kn‘li 310. 939, ,11101111 0111111111
199191. 131. 911, ,111111 1110110111
MWMQQMQ
mmmmmmm
mmmmmmm
899. 1113, ,11110 0001111039, 030,
101, 1110111116 101, 119, 191, 11911111·
111 399. 100, 111, 1111010191, 00-
11111001, prum 119, ,1110110111
1311, 111, 091, 891, ,11111111 11111111,
11111111, 1101 11111111) 91, 119, 110,
mmmmmmm
mmmffime
mmmmmmm
mmffimmmm
mmmmmmm
memmwffl
lwwm

-111111111111 109, 960. 9399903011.
mmmmmmm
vmmmwwwmm
mwmmwfflwm
111100, 1113. 1110. 11111
-,110111101110111110, 11101111 111111-
mmmwfflmm.
Qmmmffifflm
QOmmmm

1111101111· 90, 1111111 11111011 010,
690, 898, 899, 1030, 111101 1110111011
1110, 10110 1111111111 93, 111, 900, ·
zwmeQmm
mmmmmwQO
999, 1110, 111111 11011111, 1111110-
minati 03-90, 113, 1111111 01111111
019101-010000110
000, 998, 11011110 000, 1111101111 se
110 119111011, 189, 111111 ,111111 111111
1 111111 39. 11, 011,

- 11111 11101111 110, 19οε 11110 1. 111101,

11111 1110101111· 1 011011 110111 093,
11111111 na kupectvi 901, 909, 911,
010111 19011· 001, 0110111111111101111
0111, 011, 980, 1. 0111111110, 1111111
1110111 9, 3,

-mmmmwfflm

1 111111 990, 100. 103, 013, 191111
1101111 1011011 301, 199, 003, 101,
1111111 1111111 111, 391, 399, 119,
mwfflmmmm
111111 11111111, 11101111111190, 1101
mmmemm
mmmfflmnmm3
9111011111 1111011111, 11110111111 11101101

0011111111 {elno 099.
19110111, 11111 0111111111, 11111111 (111111-

1111, 1111,Ι 1111111111. 11110 0111111111.
11111113111111. territorium 1111111111.
districtus 11,,111111.1110111011 Egrenso.
011 11111111111111111111. 1111 111111
zu Egit, 1111111110, Egirland, 1111
,111111111011111119 9011, 901, 9911.
11111, 313. 309, 303, 3117, 3118. 390.
wwfflmmssmfflm
mmmmmmwffiz
mmmffimmm
mmmffimmm
mmmmmmm
919, 919, 989, 1141-1148, 1111,
mmffimmmm
100, 11111111 393, 119, 11101011 900,
10111111 901. 191, 11111111111111101111.
1111111111 1111111111 900, 901, 313.
010, 1011191, 1111111111 9111, 1111111111.
1111111, 111, 313, 303, 301. 010, 3139.
910, 1111011». 1111111111110111 11, 09.
91. 90, 901. 001, 310. 091, 111111111-
1111093. 0911 0111111. 1111111 1111011
191. 001. 191. 1119. 999. 1110. 1147.
1110. 1111. 1110, 1111, ,1111111111
110, 01, 10110 11111111 990, 191, 810,

 

