10 1143.

Μ3331133 313. 13; Schmidt, (133331331331-31313313113313 8333331333 der Berggeseue
1 11 3 3, Κ31333113. 8133311331, [11331333 31333 03331131131331111331331133 Berg-
33313 Ι 1 313. 11; Β3131, Codex 1113333133 ΠΙ313. 111; 13333, 11313313 I. 1226;
1. Α» Τ3133331131, 1133133133 1133111 13 033133331311 313. 1331113113 333313133131
31111113 31313311 3131131 1131113 3331 3113131113 31331331133313 3 (1313113333
3133113 33133131 xlv stol. 33113331, 3333131 313.303; 3ο3131311133131,03133 13113
1311331311 313. 33. - 1113313133 civium byly 3 soh& 3 to v 13133331, 1313 13 uve-
1311313313331313331 3111133131 1111333113 11331333 Κ3313ι3 IV. 3131313133 d.
3 Pravo 37131133 1333 (1131333131 3. m. 313. 313333 3 03133 1133331113 IX
313. 101), 13131 1 3331313113ίωί 13311 63311131 3 3333133113ιὶ 1133331131. 11311333
mesta v 331331, 1333 1333333 mmm 1 333, 3331333 sobe 3331 333331
1311131113 3331131 3133131131 1311 3313131311 3113131131 3 11313131 3333 1113133-
311311 3. 1213 3131331311 3 1333133313 33 jich 1313113 311113 33313. Τ3133 33313131
1313313331 1331313 1 1131311 13331 3311333133 33 3 3133131 3311313131 3133
111133311313113113 3 3133131 form& anebo 331333133313331333 ο 3333 113311,
113331331313 1111131111 31331 33333 313131333313311313333111333133 k 3133131333
333333133313331333 asi ku 13331 XIII 3131311 31133111. (83331333331131 3. m.
31331). Pokud se 11131113131113, 3333. 1333331131, 3310331131 Iglau 313. 73
mk 3313131131 ,0 33333311 1313131131] 3311130133 113313“ 313. 18 3331. ’13133
3 XV 3131311 31131311131331131111 3113111331 3133131 1311313 333131111333131133
3333311 311313 333 13111 33131313 ,Ἰ1333333131333131133133313“ 331. 1, 33 13.
1111333331, 13 3113311 111133311313 333313 131 13311 31311313 r. 1163, 11331 tuto 33
13313 11311333 333331 3331311313313. 1133333 toho 1331 1113113133 litum 1. 33 Rudini
133331537331311113133 Ηο1331313333 11131 3333133 33131333 33311311 13331313
31331331 31311313. Ρο13133 313133 333113131313 Konna z r. 133133 1. 46 33·
333313 313313 3333111333113113 r. 1249 3 31331313 3333331.

113133.
[12111 33 16 3333131
13311313113133113131313333 111133311311 3 XV 3131

333131333333331331131 ,micea 3311131333 13 Hm mam
11133131 131131, 331331 od 333113 3111νῄ31 3 poema od najjmfflkh 13113131
3 31313, pam 1311333, lerata 61313113, 3 pam Ρ13313313μγπα1313, 131111 marlevam
Moravnklho a Rakowkdho, 1111331113 a Komtamlcdho vevody, 11311113 113333113113ν13

333313133πί3 11131311, 3 33133331113333 17131133 tento 11313 Ve 11110110 110110
amen. My 133133 113113 13113311 kral 03311 3 1333133113 Μο-
333311 31331 31113331 1131 3333311313 3133313 33 3113. Pon&
3311 1311333133 13331313331313 3 3313313331 11313 31133113 33113
3333113 31113333 13111 113133 1331, 1133 3331133113 331 1133,

 

