0101111111 1011, 11110011 10 8111101101
912—974.

0110110010011110111111 173.

Clarae, syn 8111111 z 11011010 31, 0111111111
Vyfielmdsky 756, 708, 7610803.

0110011110, 0111101111, 1010111 01111110-
111110, 6110010110 803, 306, 456,
457, 459.

0111111 110101, 1001110111 111 Ηο1101

1111111011 116.

1110111110 111 0010101001

1100111011] borni 4411, 441, 154, 001111 viz
0010101001 011 01000111 011, 10111111
nwffimwmm
111. 461, 645, 516· 10011111 10111110
Mmmfflffim

10111110110000111111 v. Odpustky.

1110010110 Vl, 0001 517, 5110.

111001110011101111 104.

mmmm

z 1051011111, 10605101101011, 01110111
10111101110110 410, Ρο11, 0110101111-
1010111οῌ 1. 111110111110111111011 410.

Jaquy' 0111110 600.

,1001101101 131. ,

1011111. 1111011111Ρ111111,1101111 kance-
1110 1111011111· 108, 1015, 10301065,
mmmmmmw
11111 Berounskg, 011111 1001101111 1111,
1101111 11111.. 1110 11111 10 saed&
18100110088-601, 1011011111 11111-
111 1 1110110111, 011111 10111010
11111 1111, 111111 1100110111 119,
z 1101011111, 11111 1111101110 1070
11 1011, 1111011111 Smila z 1110111111-
1111111143, 0011 1111110111 6111001010
1⁰⁹3: 011101 1110010110 na 11011101Κο1-
1111011443, 516, 010111 11111100 111 [11111101
Κ111111011813, 1101111, 0110010110. 1011-
1110 518, 1101011111. 11161110 81010-
111001111 150, 1011111101, 110111. 011-

3011ἐο nassuggkff'ovic 1ξο ξ 13031, 01011.

111. 1110 ,10 11111111.
1101111100 311, 313 ,11011111 01. 111111·
1111111 411-413, 1001111101. 1110110
510, 10111111011111, 011110111101111111·
sky 146: 1111111111. 1101011111 110
11111111, 0110111111 1011011610110180,
1111111, 1111011111 1001110 1101010110
1644, 1050, zv 8111111100 1101101016

lan ml, 1001226, 11111. 1176.

ωψοηοοωμψω
WQQQQQQ
lwwmmmmmu
mmmmwwffl,
2³⁶, 131,338-140,1411-345, 2⁴9 11
258, 155-150, 363-285, 268-1118,

m

185-291, 1193-303, 306, 308, 306,
311-100, 010, 011, 010, 010 az
mfflfflmwmwfflw
mwmfflwfflm
ssmffifflfflwffifflfflh
100000000
mmfflmmwm
mmmmwmm
fflfflmwmwfflwffi
mmmmmffiQ
wmwmmffim
mfflmemwa
mmfflmmmss

1111 161010001011110101011011 1111111111
wmwmwmm
11310110 Κο111101101ἵ, 1110116 Το1010111
00011011, 111011 0110 IV 401, 403,
411-431. 1110111011 1110101111Ι 488,
1610110 00011111 530, 6111, 101000
2101010011. 0101110111 Braniborskya
11111010 850, 853, 10011101111100011-
1011101110 551 ; 1011, ,0011 Ρ1111111011111
z Hardeka]‚ 01111101 1100601010111
551, 0111111001 Ν orimbersky 506, 501,
mmmmmwm
01 1111, 1101100 1100110010, 10110111
1111. 108811, 11101110 1111011111 850,
11111110100011111 500,

‚lan (00101110 syn 11010 11101010 ΙΙ)
[11011011 1010110111111 0111110111 11111.
fflmfflmfflmw
1115 1101111 81511111, 01011011 1010-
1101111110 10110101 1101. 0011. 611,
1138711, 01010111101111111111, regi-
011111111 11110 kral. 881, 01011011 1110011
61011011 110 1110110 1101010111 813,
0001 kl. 0011101111110 110110100110011
315, 0001 11. Ρ110001011010110 111,
0001 11011. 8061001010 515, 0001
1111110111 10111101111110 646, (101011 11.
111111· 11 1111101011, 1101111 11111. 898,
1111011111 11111111, 0101110011 0111·-
11111011011. 0101000111 1111101010 118,
1111111, professor 1100001011. 10001011
11111111 831, 1011113111101111, 1101011
111111, ,1101111011 1101011001010 154,
101111 11· 8110116, 1101111 1111. 411,
110. viz ze 311011] 1011, 111111 Ta·
011010 515, 0111111111 u 11. 11011010
1 11010 Κ1111111. 1111, 0011010101
1111111010 3001001010 1083, antor
111111 0100110110 1, 00111001110011,
celerarius, 111111. 0000116110 7· 111101
1111110101 10 1011116 111. 8011100100
1003, 101011 1010111111 1 1111111011 603,
1111. 1010011111 11. 0110101010 600,
110101 1 1001111 0101010110 11110
8111000111 813, 1111111, 110111 11110010·

 

