1116 1110.

111101, 101101101 1111101 1 (11111011, 1 11111110 111110111110 11101111
1111111 1011101110, 111161 11101111 111101 1Ρ101111 k 11111111111111·
1110110111 Hradci 1111111 111110111110 1110110 01111000 1111011,1011111
111 10 1161111 111110 16110 1110 Β1116101101 maji 1111 1011011·
11111110 11111101, 1110111 011 11611116 1 0111111116 111111 Β11610111ὼ
01 11101111610 111110116 1110110 111116 01 111 11 111 111111
011110111111. Ρ10101 111 tuto 111011 1111111 11101 moe! 1111101111
1011111 11111116 111110, 1111 11101111 1111111 10111116 11111111 1111
10101110 1101111111 11111 111111, 11101111 neb 11011111, 1 Lince a 11101111
111110111110 1110 (101111 1011110 11116 101 11111011111011111
1161111011 1110111100 1111011010111111111010011 11110111 1111 1111
1 111111 111110 101016 111110 1110 Β116101100 1011 111 11111111. 1101111
by 1110, 1110161101 1101111111 111, 11011 1011101111111111161111,10111
1110111111 1161111111 1 0111110111 1111 1110 1101111111 101011
111110, 1111 011 1110161011) 1111016, 11101 by koli [1011111111
1111011 1 1111111 11110111 1111111 1 111011 111110 1111 1016111 1011
1111016ε 10111110101111101 1 11011 1111101, 101111 11110111 11101 1111011
1111111 111011 maji 1 116 16111 k 1101111111 116111, 1011110 ke 1111
111110110101111011111 01111111 11111, 1 11011 1111 11011111, 1111111
111111 111 1111, 1111 1111 1 11011 1011011101111 111101111 111·

1111101101 1 1101111 111011 10101110111111 11111, 1110111 11111011
111111 111011 11111011, 111111111 1111 1111 101011 11010111111101·
11011. 101111 1111 1011111111 1101111011 1111111 11011011611111101
16 1111010 1110, 1010111; 101111 1 11111610 1110111, 11 1110161111

111116 1010, 11101 101111 11011 11011011111111101111 111111 1110111111
1 11 111110 111 11611111 1111011 1011011010110 111116111111111
1111 1111111100 11110111 111111 1 1111 1111111111 10 11011011 1111111
11001 0111011; 111 11116 1011011 za 11111 1111111011 0111101011101
1 0 1011 16 1110, maji 101161011 1111111111, 10111 111 16111 110111·
1611 10111611 161101 1111111 11011 1101 1111011111 11011111, 11,Ῐ
1111 1111110116 0111001111 1111 11111. Το111110 11111 1111011161111111
1111 11011111 1Β1116101101011, 111011 by 1111111 1111, 1101111111 1111111
1111111 1161111111 1101) 1011161111 11011 k 1111101111 11111111 1101 11111
111101 16 1110101110, 1111011 111110 16, 11011 16111111111101111111
1111111 1011 povinen. Ρ10101 111100011101111116110Β11161011101011·
1111011101 1 1111 101011111 1 10111111, 111110111011 11001 111110111111111

 

