1111111111, 1111111111, 1111111111, 1111
1 6111111111 868, 917, 1143, 1148,
τηωωωω

111111ηέ111, 6111111161, 1111 1111111
an 6 683.

Nauia& 1111111116 889, 1143.

1111111611 1116161, 1111111111 opidum 137.
111υό11, 11111111, 1116111111 1106.
Nummi 111111 1. 111111, 111111011-
-mmmm

Nat 11111 111111, 61111111616611

1111111116, inpuberes 1181. ¹

11111άί1111 111111 448.

z 11181111 Adam, 1111111111 11111111 1111-
116111 1044, 1060.

mmai, Teutonici, 11611111, 11111111 33,
μψωωψωω

1711111111 dolui, 111111 1111111111 Alla-
11111111 794.

Nemeen, 111 11111 1111611111 u 11111111
1111161111111111111 868, 864.

1161111116 Bm, Β1111,Β11111, Brod Smi-

.lonis‚ Broda Theutunicalis‚ civitas

,Β11111111 Brode Τ111111111111111, 1111
zu Brod‚ 1111111111 Β1111,111111 Dut-
schenbrod, zum 9111111181οά1 36,
111111111
mfflwmme
mmmmmmm
mwmmmfflm
mmmmmmm
771-774, 879-880,

- 1111116 170, 698, 689, biii& 66, 77,
1111111 1111111111 673, 674, 1111111111
01166111 164, 610 168, 697, 726, de·
11111 1111111111 63, (1111111111 678,
1111816116 681, 686, 6611111111 81,
1ἰ1111 36, 36, 101, 170, 111111161111-
1 6611,

- 6111111111, hory 1111111116 11ο11111 1111111
QQQQWOEQQQ
’676, 683, 786, 11111111 1111111, 11116111
1111111111 98, 160-168,170,,111111111111
11111111 773, 1111111111 1111111111 671,
678,11111111 1111111116 880,

-111111111 (1111111, 11111111) 61-70,
⁷fflfflffifflfflfflw
,1111111 111111 36, 11111111 1111111111 1
,11111116 69, 80, 674, 676, 111] k 11111111
,mmwfflwmffi
1717711
ψωψωωψωη
Ι880, 1111111111 36, 68, 63, 61, 66, 69,
wwmwwwwm
’mmwwmmffi

Μ

698, minoe 674, 676, 683, 1111111111
676, 111111οωί111 63-66, 76, 11111111
69, 80, 1111111 673, 1111111161111
11111773,

- ο1111111 1111111111 699, 786, 11111 11·
1111111 1116111 183, 687-688, ,11611
1111111111 63, 674 , pist} 1111111111
¹ 108, ,11111111671-673, 606, platy
· 1111111111 344, ,11111111 68-68, 7311
· 79, ,11111 344,

-. ,11111111111111 61-88, 160-166,
mmmmmmmmm
111611 1161111116 879, 880, ,11111
1161116116 668, 663, privo 1111111 70,
71, 81, 88, ,1111111111 164, purkmiutr

- 1111111111 673, 606, 11111111 11811111
66, 48, 49, 68, 63, 61-82, 107, 168
ni 164, 671-674, 606, 606, 686,
778, 1111111111 674, 676, hid 118-
meckyc 1111111 161, 170,

-11111111 686, 1111111 111111 38, 93,
1118111111 674, 676, 111111 1111111674,
676, 111111 1111111111 66, 77, 161-163,
ιωψωψηωώ
1111111111, 1111111 61, 09, 80, 164,
786, 1111111111 11 111 1111111 688,
1111111111 108, -111111111111 11 mente
mwmmmm;

- 111111 (11111111, longa 111111 164, 111-
bura 674, 676, 1111111 116111 161, 170.
697, 186, 111811 1101618111 674, 676,
786, 6111111111 homi 676, vody 11111111
do 1111111, 1111111111, 1111118 671-674,
606, 606 ; 1131873 1116111 779, 11116

11611611 mesti, fratres cruciferi Theuto·
uici, ordo 1111111111 Theutonioorum
hospitalis 611616111111116, 64, 166,
fflmwwmmw
v (1111111111ο11 196,1 1111111116 10861
1 111111. 1111111 86, 36, 161, 170,
1 Plzni 160, 1Ρ11111111. 6111611111
mmmmffim

z Nisen 1111 111113.

61191111611111111, 111111. 11111111 876.

z 1111111116 1. Ρ1111811.

1111111116 biskup 609.

Niva, pra 13 886, 286.

mark, isemburk. castrum Misen-
burgense‚ hrnd 11111111111111, 46, 48,
886.

Nocleh 1, 2.

8691711111, 111611, 1111111111111111100.

,1611111116 (1111111161111111 600.

‘Qum' 1111111 1111116 11 8111111111

 

