1111. 613

1111111111 11111111 1111111111111 11111111 11111111, 11111111 pop'raviti,
11111 111111 11111 11111.. 011111 take 1 111111111111 1111111111
11111111 1111111111, 1111111111 1 1111111111 11111111111111111ε 11111111
by 1111 111, 11111111 1111, 111, 1111111111 111111, 1111111111 ne-
1111111, 1111111111111111111111 11111, 1 11111 11 1111111111 lide 11·-
1111111111111111 1111 nebo 1111111111, 1111111111111 11111111
1111, 1 11 1111 1111111 111111 11111111 1111111111111111111 11· by.
nevydol 11111 11111111 11111111111111111111111111 1111111111
111111111 1111, 11111111 11111 111111 11111111 11111111 1111 11111111-
1111 1111 11111111 11111, 111 11111111 nebo ty 1111111, 1111-11111111,
11111 11 1111111111 111111111111111, 1111 1111 11 11111 1111111
1 11111 1111111 11 1111111 1111 nobi 1111111111-1111 1111, 1111
111111111111111, 1111 1111111111, 11111 11 1111111111 lidi 111111, 1 1111111
11 111 1111111 111111 11111111 1 111 1111111Ι 1111111111, 111111 1111
11111111 1111; tem 111111111111, 111111 11111111111111 dele
nechovali. 11111111-11111111 1111 to postibi, tehde 11 maji 1111 11
11111 1111 111111, 1111111111 1111111 11111111. 01111111 11111, 111111
11111111111, 1 1111 11 111111111111111111111 11111111 1111, 1111111·
111 111111111 1 111111 maji, 1 11 by oni 1111111111 1 1111111 1111111111
111111, 1111111 1111 1111111111 1 (111111 11111111 11111,1111111111111
‘ich 1111, 1111111, 111111, 111111, 1111111 neb 111111111, mesta,
1111111111 nebo 1111111, 1111111 neb 1111111, 11111111 11 111111111111111
1111, 111 1111111 1111111 1111111 11 11 misto, 11111 11 11 lide
1111111111 1111111111 1111, 11111 11 1111111111 111, 11111 11 111111 11·
11111 1 11111111 111111111, 1111 111 11111 11111111 1 11111 1111111 11
11111111111 1111111, 11 11 1111 1111111. (111111 take, 111111111111
1111 11111111 nebo 1111 11111111 1111 111111 11111111 111111 nenne
1111 1 voden budb, 11111 1111 maji oni 11111111 11111 1111111111
111111 1111111 1 1111 nabebo 11111111111 (11111111. Mon-li 11 1111111,
11111111 111111111111 1111111, 1111 111 111111; 111111 11 11 11111
11111111111111,11111111 11111 1111, 1111111111 11111 11111111 11111
111.Τ1111111111111111(11111111111111111 1111111 mentem, 111 1111.
11111111 111111111111111 1111 111111111111111, 11111 11 11 od 1111-
1111111 111111 1111111111111111111111111111 111111 11111 jim
ezprbvie 111111 11111, 111 111, 111111 1111 -111111, 111111111111-
111111, 1111 11111111 1111111 1111111111 111. nane 11111111111111-

 

