342 1111.

1111111111, i 11111 [1111111 zpomoci [a] 11111111111111111 111111-
11111 [1] 1111 11111 1111 111111111 1 11111111 111, 111 1111 111111
[1] &asu 1111111 1111111111111111111111111111 1111111111. 11111111

11111111, 11111111111111 1 1111 1111 1111111 Τ111111111111111111
1111 1111111 1 1111111111, 11111 1111 1111, 11111111 11 1111111 11-
1111 11111 [111111 111111 1111111, 1111111111111, 1111111111-
1111 111111111, 1111111 1111 1111 111111 11111111 1 Β111111111,
1111111 111 1111111111 11, 11111111 11111111 1111111111 11111 11111111
vy‘b0j0 a obory 11111111111111 jim [1111111111 111111111111111111-
1111111 1111111111 111111111111111 a 111111 1111111111 11111111 11111-
11111 1111111 by 111111111111111, 1111111111111111111111 [1111111111
111111 111111, 1111 1111 1111111111 111111 1111111 1111111, 111 jim.
11111 111111111111 111, 1 11111 11111111111111111 1111111111
111111111111111111111111111, 11111 1111111, 111111111111 1111111,
1111111111, 11111111111, 1111111111, 11111111, 11111111(111)1]1111
11111111111111111111111111, 11111111 11111 111111 11111 by 111
1111111111, 11111111 1 11111111, 111111 11111 11111, 11111111 1111-
111111 pod 1111111111, 111111111111111111111111 11111111, 1111111
1 many i 11111 1111 Dvuoru a Trutnova 1111111 1 111111 1111111
1111111111 111 1111111 1111111111 111111 111 111111111111111 1111111
11111111 (111) 11111111111111111111111111111 11111111111111, pon&-
1111 11111 11111111 111111 [1111111 1111111111111111111. Ρ11·11
111111 1111111111 1111111111 11111111 1111111111)1 11, 11111111
1111111111 1111111, to 11111111 11111111111111111111111 111111-
11111 11111111, 1111 by 11111 111111 1111111111111111, 11111
111 11111111 1111111 11111111 111111 11 1111111 1111111111 1
1111111111 1111111, 1111111111 11 proti 11111111111111111111-
11111 1111111111 11111 11111 111111111, 1111 11111 111111] 11111
11111. Α 11 111111 1111111111111111111, 1111111111 [11111 111111
1111111111 1111111111 1111. Dan 1Ρ11111 11 1111111 po 11111111
1111111111111 1111111 Ρ1111 11111111 1111 [1111 11111111 111 11111·
111111.

11111111 1 XV 1111111 1 111111. ,1)1111111111111 111111111ςί1· 11114181
1 1111111111111111111 1111111111111111, - 11111111 111111 111111111111111111111,
1111111111 111. 111111 11111111 111. 11.

 

