¹⁸²⁶· 233

1111111 11111111111111111 11111111, 1111111111111111111 1111, 111111
1111111111 1111111111 maji mieti 11111111, 11111 to (11111111 bylo jest
obyfiejnm 11111 11111111 1111111111 1 11111111 11 11111 1 1 lodie 1111
11111111111 11 11111 1111111111ρῆ 11111 11111, 11111111 knim od
1111111111) 111111 1111111111 111111 111111 11111111, 111 11111-
1111111111 111111. 111 1111111)7 1111 (1111111111 1111111 111111
11111111 1 11111111 111111 11111111 pod vymieukfi 1111111, 1111111111
1111 111 11111111111 111 11111111 11111111111111, 111111 1111111
1111 11111111 111111111111111111111, 11111111 111 1111111 1111111 111111
1111 111111111111111 1111 11111111, 11111111 by 11111111111111111111-
11111111 1 111111111111111, 11 by 1111111111111111111111111111
111111 111111111111111 11111 111111 1111111111 111111, 111111 jim
11111111 11111111111111111111 1111111 111111 1111111111 1111111111,
uby 1 ty 1111 111111111111111111111 [1] jek 1111111111) 1111), 111111
11111111 11111, 11111111. 0111111111 1ο, 11111111111111 1111111111
111111 1111111111 11 1111 111111 11111ο 111111111111111 111111 1111
¹ 1111111111111111111111111 1 1111 1111111111 doluov 111 111111
1111111 1111111, 111 1111 1ο 111111 11111111 111111 1111111111 11111111-
1111111 1111111 111111 ku 11111111. 1111111111 take, aby vkraji
. 11111) 11111111 111111 1111111 111111111111111 1111111 1111111111
111111 111 111111 111111111111111, 1111111111, 11111111, 1111111111-
11111, 1111111, 1111111 111 11111111 ani 111111111111111111111111-
111111 11111111 111111. Pakli by 1111) 1111111111 proti 1111111111)
¹ 1111111111 1111111 1111111 1111111111111111111 11 11111111 1111111
3 jmenovany'eh 1111111 11111 (111111, tehdy jim 1111111111 1111111111111
“ 11111 z kmje, jak} se jim 1111 buda, 11111) a 1111111111-
} 1111 1111111111. Listy, 11111111111111 1111111111111111111111,
ξ 11111 11111 111111 1111111. ’1111111 1111111111111111111111111 111111
111111111111111111111111111. Dan vPraze 1111 11111111 111111111
¹ 11111111 1111111111111111.

Ρ11111111 z XV 1111111 1111111). 11111111 musea sign. 11 G 12 111111,
1611171 11 napinam „0 11111, 11111111, 1111111111, 11111111, 1111111111“
-1111111 11111111 hylo 11111 a ρ11ρ1111111111οε 111111- ²) 1111111 neb
11 1111111 1111111 111111111111 - ²) 111111111-11111111 11111111 111. 1111 11
181 1111111111 1111111 1111111111 ἰ11111111111 11 1111111ι 111 1 11111111 1111111111.
11111 1111111 1 11111111 [11111111 1111111111. 1111111111 11111111 1111111111, 11 „od
starodfivnych 1111111111 1111111111111 111111 111111 1111111111, bez 1111111111

 

