24 1249.

(10011 (100101000110101111111, 1111101111, 1110011111]οἀηο [15]. 1110011110
1110 (11110111 10 111111 1010111001 1111101011ιὶ 111111 by, 10110 1111000111

01010 lemde 0 100111 01101010, 11010111 nebo 1010111, nebo kyJ‘om nebo
1101101010, 1010 11111011 111111 10110111, 0 01 00 01101111 0111111, 01111
11011 1110010. A 1011101010011110011010101 11111, 10 111111 01111
00011011.110110101111 o mammeam& 1010 0 wadomalo·

emonaobobnaoolepooodrmimocibudoffisabomaiodpoveda-
1101 11001010 00111011. 0111. Ty‘I 0101 1011010111, jobo 01001 depos
10101001· 0 nemoy 000111011; 0 010, 10111 0111νῦ100100 11100100, 00
11001 amco obdroe, 011 0011000100 hylo. 1101001111. 011000ωώ0000οω
venie 0 za 1011001110 a 0 tom, 10101 oraim joa, Iolaia 10100111. [76] 1911111191(ῗο
10 11111111 rann, 1110111 1111000111 01010 1111101101[010]0100111011110·
venie, 10 011111 01111110, mazonomo 11101111111 0110110, sonci 0111·
0011111 1 1001. [11]. Ae kto 0 to, 10110 1111000111 01010 10110101
0 100111 no 1011001110 1111101110 10111110, 01101011111111,110111111
0011001111ᾱο vymluviti nebo 0110111101001111010011111 11, jednn
1111111 1011110101111 do, 0111101 01110011111 1101. [18]. Ae kto 10111
neb 0111101111 0111010111 1110101 111 11 01011001 (11001 1011111110
110 11111 nebo 001011001111010101010111, 1010111 1101011011 11111011
1010101001 10101011. 111000 1111. bucone.. a 0 ono 110 0 noso(
omne [19]. 111110 [10] 111010111110 11010111101011111111101111111111
01101111010101111010111110111110111010111 110 1101110 01 1011101101οθ
110111 11110, 00100 01101110111111111111111000111111(101111010110111
domu, provdu 110111011011110 01110 domu 01100111111111011011110
[80]. Ο 1101111 11100 0 nonu, 0 1101101110111111 1011110100111100111010
vieru 10111111, 10 11 1110 0110111010, 10110 1111010 1111. Ρο1111 11100 00
01101111 0111111, sam 11011 10111111 0010001111011101111111. &poenam
o penninos 10110 aeneo oo ,000 osum mo 0101. [81]. 111110 sobe pokoj
11101001 011 011001011011111111111, 10110110 11111 nebo 1111111, 11011111]
11, 0011110111) 11001011101 11111111 nebo jednobo 1110011110 110111
10101110 01101, 01 J'ej 01111 11 1101111111. 1101011111101101, 11011111
11 101001111111, 1010111101 1100111011 bud, 1011110 1 111111 1111001001
0111101, 1101111111 111οε1111111 10 ΧΧΧῦ, 11011110 1011 1111101. [82]. 'Iob
10111111 10110110, 1101101111 0101111110ηο 01110 01011 1110111 11
1111111111. 1101010111 1011110011 111111 010011 10100111 §diolcon 1010111
prbe 11111111 jesi. Kapitola XLVIII. 0 1101101011 1010110 oden 1010010 0111100111

 

