W

0511155511 115651, 115151 15. Η511 115155

&mmm

0115111, insula, 11111151 51. 1555 311.
151111118151511111112501.

05555. 5115515810511515111581551155·
555511. 85115155551115, ο ,1111515 8155-
1555555115,51511ι5 61 55551155515

335. 481,’615, 616, 794-798, 921 51.

92111181, 55511932 515 922 115515
5555555101 5151111 795,1151151115515
113351ῗὲῗί 1133110113
52515115515551511487,,11111,151-
knbi 1515151555 921, ,1511 5151111515
331-325, 1151111794, 796, ,11115 Lo-
151515 795, ,11155 510555 797, ,111-
55251 11111515, mia 51515111) 324, 325,
mmmmmmffl,
793. 797, 921,15155515151797, 5115155
1111555111 187, 610, 55511 51551511
ael-3253 515111 5115551 322-325,
515111 1555551 322- 325. 795, 111111-
115551 927, 922, tiroli]¹ 155111 795,
551111 1101115921511151511155111991

051155 555 5 Ρ155115115 627, 629

0145551 51111111 240, 241, 252, 254, 383,
384, 531, 602, 639, 641, 701111770,
771.

01115251,51155115155 848

0531551111 1151515155, archiepiscopus
strigoniensis 609.

0111125, minoe 1997.

0111111115 1155511, 155115, ,11155151 na
11511111 11515101 443.

0111155151 od 11115511 5,)15111, plenaria
libertas 43-45, 47, 49, 09, 80, 82111
QWQQQQQ
171. 914, od ,1155551 115155,1111511115
11 51115115 51515515151111155, 555111·
bui-ionibus. steuris 86-89, 103, 104,
mmm,m,QQQ
153.154,1611,171“1,195,196,198
mmm mmmm
wwmwwwm
315, ’7-11719, 331, 332 ,334, 3441,
uwmwmwwae
”wmmfflsswww
mmmmmmw
mfflmfflmem
smffifflffiwffimffl‚
1975, 8199, 900, 924, 936, 937, 943,
mmmmmmm
wwwwmmm
51 1171, 1113511111.

0515555151 511 ,11511111 ela a 15115,
1151115115 ab 511515 5515115515 1115-

1511551551 51 pedagiorum
5711115115 51 5515555115
1510515515 45, 48, 51,ἑ

wfflfflmm
Qmmww
mmmfflm
mmmmm
mmmmm
4QfflwfflwQ
840, 1074, 1076, 5111111
wffiwww
878, 511 ,11555111 1155111111
5155155115 309, 310, 1115511
5111150511511878,55,511111
15151511 115 11511151, 11111551
mmem
mmmmm
322, 223, 250, 25,1 381,
853, 874, 875, 93,ss 943,
1055,1057,511111511115111;
5515151511 30, 31, 331,) 111
43, 45, 4811515151115115

01111115, 1151551115 407. 410.
z 01511515 0111111111 830.
0111155511 11151111 111111 698.

011111, 15511115 111 311155 939.

01511151, 5115111111 5 1115115111

mm

01511155, Rohlau, 11 1101111210
50151115, 0151155155, 3515111

01191115 Η555115, ,11155151 Mn
5111 574.

0111,1111111151,1111511111
5111579.680;Ρ1115111151118
1555111 111 1551515 Π9.
11111.. 9111011111, '1⁴3

Oujezd, Vgezd, 5550115111
mm

Ovce, clo z nich 216.

Ova, avena 305, 307.

011555 925.

1 5 Ραόἔηίσ, Ρ8111811111. 11111111

1111511 misti, 5115155511 11111
1951155111 45, 43, 517.

Ραέἕ, ξ16111155, 51511 Mimo<

Paczawer Frenczel, 111511 2,
Β111151ο515 179.

Ρ5111115151511111155 712 Falso„
Ρ511555511111,Ρ511115555.11115

Ρ11111, ,151511 5 Hory 115155
1715151515, servus 494, 486
Palatia ’Uhersky' 609

Ράξζέί v 3111115151, 51111115

 

