XVII

24. Nkmee-ky Brod 1. 10, 15, 18, 23, 31, 42, 90, 91, 96112,
166, 218, 244, 397, 402, 419, 433, 461, 532, 562, 696, 607 0 685.
Z 23 1111111 20 0111110611.

25. Nymbm'k 1. 37, 38, 39, 40, 62, 149, 1811200, 203, 249,

279, 393, 399, 481, 591, 701, 748, 782, 852 a 867. Ζ20 11011116
011ςί114111.

26. 001101 5. 201, 332, 424, 620, 621 a 715. Ze 7 1101111
jeden 0110111111.

27. Ρο1111111101 0. 528, 560, 616, 804 a 871. 2511111114
1111110811.

28. Perno 1. 132, 161, 179, 187, 201, 322, 378, 379, 380,
515, 517, 558, 567, 585, 648, 652, 660, 694 a 766. Ζ 19 1101111 14
011ςί114111

29 0111111.. 86, 145, 165, 199, 273, 316, 336, 398, 462, 482,
506, 653, 701, 704, 726, 769, 783, 815, 816, 821, 830, 839, 849
1876. Ζ 2411111111 2011011111.

30. Plzel'l 5. 89, 106,114,150, 159, 199, 205, 231, 246, 304,
389, 398, 399, 403, 466, 491, 514, 520, 570, 580, 587, 596, 623,
636, 649, 659, 701, 724, 771, 780, 784, 788, 792, 793, 808, 842,
859 a 860. Ζ 38 1101112401101111111

31. 1101141111 1. 14, 35, 83, 87, 122, 200, 387, 398, 399, 651,
671 a 854. Z 121111111401181111111.

32. Ρ1111111111101. 127, 436, 563, 584, 614, 662, 734, 749 a 760.
Ζ 91131111 191110110111111.

33. 1101101011( 1. 107, 568 a 813. Ze 111 1101111 1011011 original.

34. 1101110011] 1. 460, 579, 720, 804 11805. Z 5 1101111 3 011-
ginfily.

35. 510114, 1. 188, 201, 416, 424, 463, 483, 507, 534, 537,
539, 543, 552, 553, 554, 683, 686, 701, 703, 784, 788, 92711866.
’1211111111 4 0111110411.

36. 81111110 e. 8, 199, 415, 464, 484, 508, 520, 577, 579, 587,
639, 701, 717, 791, 801 11 863. Ze 1611011116 0111110116.

37. Subit-e 1. 65, 131, 199, 317, 338, 359, 393, 399, 423, 453,
485, 509, 561, 701, 735 a 803. Ζο 16 1111111 2 0110111511.

38. ’11101101 0. 152, 199, 373, 398, 418, 451, 486, 510, 519, 579,
587, 701 11842. Ze 13 1111110 2 0113111411.

b

 

