1988 ’

1411441144 4. 4 1114144 144.
14114644, villa 1141141144, 1141414411, 444
4411144444,44411444414414444

960, 961.

14114144,ιιι141ι, 1144444111 17149414, Vy-
1464414141,’(11441444111 a ,1441444111
141144411109, 441411144411461444111
Μῶωὴωμη.

174114 4. 4 Wartmberka.

14641414 111111 11144441411114 4 1447.
114. 999.

1411444114,1141170771093

Weniysesyl Vluschus ,41144141Ν141441ιο-
brodsky 674.
4114441444 purkrabi 31.

1174444141οῆ, 41114 4411 1144444144 ves
u Mostu 197, 366.

174411, 414 4 ni’ch 916, 484, 486.

z 1141441414 1144144644111461
9114444111 604, 608.

143466161444444,1444149446
4 144111] Konrfid
Werhuter, 11414 4 Κιι141 Ηο14 496, 496

1144141414144 1111701941, 71411191 m. 19144
5555555 4141441 1091.
1144441141.Μ144411ι14,1411144 1114144-
11114119064141414411 4 1141141 694,
14411111 ιιι. Β14141111444111114 48, 49,
69, 80, 101, Ε1411(.141),4111144
111414414644111141 69, 80, 4 Μ14146,
mistr, ,11414441ιὶ1 81411111 ιιι Prai-
4111116 609.
1174441444 Nigrus, 11111144 Kutnohorsky
14111464441414441141.
1744441481441, 9.

1474ἕ31, dors Wes, 4444144 ιι 3411114414

4 14444 Ρ411· 1.
41744484 4141 11164114

1744414144, 11444414, 14411144 ves ιι Brodu
1114411164 69, 80.

17444144, 411144, 41114 rurales, dorser199,
991, 406, 409, 610, 619, 1983, 11161494-
4141, ville episcopatus 149, 0114414141,
ville Chodonum 906, 908, 1111141111
3,96 1411144411 961, 4441141141 101,
498,1444441 k 411114 neb k 4444
4114141144 ,1114111141 6, ι, 9, 11, 43
91 48, 69,80, 141, 316, 331, 498 697,
699 114 81411, 4444441.

1444114141, biskup 609.

<le 114444144144,((91111447141) )199 677.
4141144, Wyttyn, 0114 ,1114111961 996.

modove, duces 156, 967, 604611,
608, 611), 630, 697, 640, 661, 656
duc5s B5emie 1089, 11614414464411
969, 910, Korutansky, dux 1141144114
155, 167, 111111, duces 41444ιὶ1 94

17441, 4141411444 41111644 948.

Wey5aml 1411, 141441 ιιι. Κ41144 41.
787.

4 1144ἑεὶ44464414 «1411, sudi 6744190141
41414906.

1744· 1144144111, res ,44444ιί44144 1014
1011, 1141141111, 14414441, 14644117
86411 hokyy,m15 1114441411, ·1444411,
14441441,11444ι11169, 169, 1661904
1006,1109,1010, 4144111144411441.
4444461141, prompte, hona 14411114
facultates, 44444114 habe, guter 66
19, 80, 169, 170, 300, 301, 6110,ὕῦ
066, 660, 669, 673, 774, 776, 811,
861, 1049, 1049, 44664141, res m
11611,44 venales 66, 77, 304, 901, 914

17444,(1ο141141441, leibge5inge, morgu-
9114 13, 386, 1187, 670, 606, 11441414
144 44414414 16, 96, 14114446 6441111
688-690, 161, 838, 899, 869, 4166
1169,116’9,1ιι1144411114447619

17νά4111,1411096, 98, 66,68,77,1,1
ιΜΜ

1744441 4411, quartale 946.

ιἯΜΜΜΜΜΜηΜΜ
461, 460, 690.

17414144,4414144144144441009.

1744441,44,11141144 65, 66, 77, domici
pro dluhy 18, 68, 19, 4111441171 1114

17444441 94, 96, 1141411111 18, 681, ’3
690, 4111449148, 149, 1643144141

41111444 jizdu ,3 44414411 ,1644444411

11131116, 4 11411 44441441 414

17146644, detenti 311.

114414414141, turres eoelesie 696, nest·
sk5, turres, turmo 86, 87, 89, 99·
44Μ44Μ44Μ44
ΜΜΜΜΜΜΜᾱ
888, 979, 1018, 1069, 1104.

1119414141 1196, 1196.

171444, 14144444, 44111 960, 361.

119411, Vienna 99, 96, 183, 196 211

936, 944, 961, 990, 396, 388, 889, 791
1114441441, Wysenberg 1149, 1144

1114411 4411414141, sreibjskup5n', viarii
archiepiscopi 14 4414144ᾳί644 811·
89,4 41411, erpetui vicarii 469, 513
990, 1119114 11441441.

1111411414 788.

2 Wilamdorsu Hertvik, 111111. m. 14744

 

