implum-dnm

Kra'l VtidoelVo't'm‘nMnfflmh ‘'m-*hd
lamiemjt'hffinifflm-iffljn'fl-fi-'fl
d. ΙΙ ΙΙῌ Ι· 0-

vwzmmcfflfflmhnfflu
mmummvdmfitnssmniffl
1111111111111111111111111111111111111111ΜΜ111
11111111 1 1111111111 1111111 1111111111111 nd laha fu 1111
11111, 11111 11111111 111111. 111 1111111 1111 homi tmj'm ,db 111
111 1111111111, 111111 jim 1111 hyla, 111111 111111ἀό- hm! 1111
min 11111111 111111 1111 111, ie pro 1111111111 1 edum 111111 qn·
111111111111111111111111111111111111111, 111111 bytho· 1111111·
11111 1111111 1111111111 1111111111 afim 1111111 nm
1111111111 111111 11 11111111111111111111, tle 1111ιῂ 111-
1111111 1 1 1111111 111111 111111111111111111 1111111 mffl 111
11111111, 1 11111111 1111111 1111111 [1] 11111 1111111111 1111111 nm
111111 11111 1111111111, 11111111 1 1111111111, tuto milost 11111 111·
11111111111111 11111111 j1 je 1111111111, 1111 111111 1111 1111111.
111111111111111 1111111111111 11111111, 111111111111111111·
11111111111111111 1 11111111 11111 1 11111 11 11111111111111. 11111
1111111111111111 11111111 11116111111111 neb 11111111 1111111.
1111111111, 111111111111111111111111111111 1111111111 1111 1111111111
1111111111 11 1111111111 1111111, 11 (1111111 1111) 11 kratky‘ 111, 1111111
1111 111111, 11111111111111111 11 111111 11111 1111111111111111.
1111 111 1111111111 hylo 11111111111, 1 111111111111111111111
111111 1111111111 11111 11111111 11111111111 111111111111111 1111111111
111111 111 11111 11111111 easy. 11111111 by pak 11111111111111111 111·
11111111111111111111111111, 111111111111111 neb 1111111111 1111111
1111111111, 111111111111111 111111111111111 1111111111111111

1111111111 1111111 1111111 11111111, 1111111 1 111111111111111, 11111111
1111111111 1111111111 1111111111 11111 kasy. 111111 11111111 11111
111111 11111111 11111 111111 1111111 1111111111 1111111111 1111111111
1111111 11111 1111111111 11111111 1111111111 1111111111, 1111 11111111 111111

 

