01 1013, 1013, 1081. 1083, 1084,
1101, 01111011 0 1110010101 51, 301, 301,
0001010001 0011, 2010011 405, ;400,
mmmmfflmm

Kra 'e 00101011, 11101101, 11001151, 1100110,
0110111, 011011, 011011, 11100111, 00·
10011, 01111, provincir¹ civitatum, di·
strictus 010110110, territorium 01011οι11,
confinium 010110110. circuitus 001110
miliaria, 10110101 hereditatum 011110110,
1101010 der 11010 140, 181. 810 01
mmmmmmm
307-308, 336, 337, aro-³42, 406,
mmmmmmm
691, 693, 711, 734-737, 8111, 338 01
mmmmmmm
1043, 1043, m. Chebu 1. 1111011110,
1101101100 131, 135, 830. 1033, m.
111110ιὸ 1110103111, 341, 313, 318 01
330, ιιι. 1111110ιὸ 1110100 153, 10. 111-
coneric 135, ιο. 10110 0110101110,
01. boun 116, m. 0011010481, m.
Pelhfimoru, districtus 101111011οο-
wenni! 10131043, 10111001 134, m.
Τ1010010 ι. 1101001010.

11001001, 10111ωο provincie 38, 30-

KrejeH 1111110 181111101101111.

Krdjenl 001000 v. 80100 1111001.

Krajffllo 011 010110 111.

11001100 (31108011 v. 11101ιο10, [1011010111
1ἰ110101010,1101001110’ ι. 1101000·
s o.

ijr'ny 01101011 v. 111010 1111013111.

01100110 1110111, firm—rius 301, 100
111010, 11000011, 1100111 0 100, 110111

1100110, 11100110, 11011101, ,11100101 111001
81010110 ιιι. 1101011110 1130.

1100100, 11100110 445, 416.

1100300111 1011101100 530-531.

111011 15, 17,18.

11101111· 1 1111101110, 1110101, ,1101ιο11 1]-
10111001111, 101110101ιο Antiochensky'
0 111010111 000101 1101010 lv 011
0 01000.

Κ1110οἑ110000110, 1011110110111 Curio 0111·
10110 ι. 111010 10001011.

11101001 110110 0001 1101ιοιο nrt-sto. (11·
110, 0111100 Curio, 01011001 dictum
1101, 1101 zu dem 1010 131, 113,
mmmmem
007, 833, 633, 918—920. 1153. 1153,
beru& 381, 501, 1110, 110110ιο0 4301
1010100110 1001101 341, 311. 1113. 318,
10010111011101011381, 413, 330, 100-
0001· 3111, 341, 01101011000011. 318.
1153, 01010 0000101101οό 011, 01100

W

0100111111. 111010 01001010, 00101381,
11051011 134, 881, 310, 11101, 10101
mmm

11061001 11000100, Η1111100 11011 Labem,
0111100 10 (1101100, (1100000001 1111100,
civitas (1100000010, 1110000110, ciri·
101 10 (11000, 0111100 (11001 Regino,
111000 00 der 11110, 01 der 11150, 010100
mmmwmmu
151, 153, 188, 176-178, 331- -835, 638,
330, 300,314.383-385,411, 111, m
mmmmmfflwfflmm
fflwffimwmffl
666, 668, 083-385, 713-716, 111 01
mwwfflwwffl
01814, 885, 886, 1005, 1071,1086,
Μωωωω,

-010110110000 585, beru& 111, 118,
118, 143, 153, 804, 111000 Ρ1010111
383, 11110, 10311011 131, 138, 118,
QMQQQQQ
541, 538, 537, (1111118111 546, 1110131100
545, 540, 111011 0110001 811, 811,
885, 111111 01000 111101111011 138,
1111011011, 10101010 548, 101111 333,
mmwm

-110110100 1111101011 vis purkrabi;
1110115,1010101έ 131, 138, 546, 541,
5311, 531. 118, 113, 115, 1151101011
101101Ιο 385, 1100100110 1001101 334,

— 1111011, scabini 711--115, 143143,
0119, 313, 1010100101 143, 143,1001010’1
mmmwwmm
314, ass-3⁸5, 113, 533, 546, 571,
mmmmmmm
11110110 685. 1111. 314, 100101 pri 101-
uile 01. Anny 585, 1010111334, 11110,
100οι11· 538, 533,

- 100 Bor 143, 151, 110, 1000110101·
011· 1311310, 338, 10010110001384,
863, 1111001100οἰ 110, 10111000 111.
meQffifflm
QWQQQMQ
mmmmmmm
mmmmmffim
mmmmwfflmw
011111 110, 011010 11001 583, 804.
3115, 1153, 011011 00010011 083, 101011
(1111111001 1011111011 385, 533, 150,
01001, 383, 00111101 10110101 383 01
303, 0000010111010001011010 111, 804,
0111101863, 011110ιο 1011, 311-314,
01100 0ιέ01011 153, 011101 10 1ρί-
1010111 383, 384, 011100 1010 373,

- 001010101010 518, ,101011 143, ,1011-
110οι011 311--314, 848, 864, ,101011

111, 118, 313, prava 0110011, 153,

 

