832 1111.

101 111011110110001111111 111010,1100111010110110 11111101, 101 Re·
11110101 101101 Κ1110, 110 weil 0110110, mit 101101 briaen 10111111,
11111101111 gegunst 11101, 110 1111101110101, 111-11 11101 etet
11 8101 1101111110 0111, 110 01101 111 1101101101 0110110101 gerent
111 1101 1110101 1110101 [110] 110 1001 101 0101 0101101 111 101·
1111101 11001101, 110 110 11111011 111011 111100111 111101, 110111
doruber geben 11101, 101101101110101 begriffen 101, 11001 wer 001010
11101 0111111110 101 0101111111 111010111111101 11101011 101011111
101011101111,1111111101 101 101 burgerrr 11111001001 101 ege
111101 111111 seez, 111111 111 1010101, 1111110101 11111101101
1011, 10101- 101101101, 100101 111 wellen wir, 111111 0111111110
11001011111113 genezliehen 111 11101 110101 1011101101 111110
1011 101, 110 wir 0101 mit eempt 101111101, 110 wir doruber geber
11101,11111011110101 1110111101 11101 111 1110110101 101111111-
11010111101111Β110111 11 erest 1101 111101 111 101110101 01111·
110101111101110110101101111011111101 101 11011101011, 110 11 101

0110111101 1111 011 2101 1101111110 1111 0101 11 0101101 101011111
1101111111,1 werden, 111 110, 110 01101 111 1101101101 0101 11111101

101 1111 11ος01 1111101101 110 110101 101 101 0101 11011 1101101
001101 11 110110 11011, 11110110111011010 111 101 101110111 vber-
1111101 111110, 101 001, 110 0110111 1101011011, 1111011 001011 greeer
11 110011111111010 11111101 11 einer hussen 101111101 1011, 0101
01) 0110 1111011010, 111 01101001101 101001 11011 tregerr reeh
’ 10011101 rnechte, 00 001 0110110 101101 010111101 111111 2101
11101011100111 kunigreieh 11111110 11Βο10111 0110110101 101·
011111011 111 00101101101101. - Geben 11 1101111011 1001 (111111
gepurte dreiezenhundert 111 111 1011110111 dem 0111111111011·
gistem 1110, 11 1111 Marte tege, 11101101010110Βο101111010111
1011 10111 111011011011310101 111 101101110101111011 11011010·

101101 11101.

Ρ1111111 111101.1010011.1111 11111111 1111100110 „Wencaeeleur

rex inhibet, rre pennifieee Serenees perpetue pennum incidere 1110111 101 pre·
1111111. - 1101111 te je 111 1110101111 - Schleeinger, Urkundenbueh 100 st
8111 1. 112, 11101 011111 k 11 101001110101110.

 

