ι ’ 1101

1170, 10110111, 10111 101 110111
domuum 168, 309, 310· 1 0101111
mmmmffimwo
1111111011 0111111101101 284, 183,
839, 900, 336, 384, 10111011111 103,
1 1111100111 130, 303, 11111, berne
101 generalis collecte 10 bonis 168,
103, 336, 369, 493, 1 meet, collecto
dmmeQmm
ammmwmmmfflc
mmmmmmm
mmmmfflmm
433, 110111 130, 303, 11101011131.
11111436, 10 111011, 11011011 907·
pli 111111 dcer 11110111101143,130,
163, 103, 11110111 11 1011111101 10-
11111101 310, 311, 111110 1. Decet

1 11110, 1111011111, 0013111010 Judeo·
1011 00111111111110011111, 341, 343.

111 161 0110101011 01111001110111.
30111011, purkrabl 11 Lipnici 111.

3011101, clodulei 11 borni 11111011.
1011101 11111111, collectores 1011111111,
collectores 110110 104, 107,114,173,
mmfflmmmm

3011301131 1111113 3010 101, molt.
301001011011111 63, 80, 1101111111.
mmmmmm

3010100, 3010111, 111111101110110111.
Loun 909.

3110013111, werona, Verona Boe·
11101111, civitas 101 10011 10101111 Ve-
1010111 prope Pregem, 41, 141, 141,
mmmmmmm
QQQQQQQ
mmfflmmmm
mmmwmm

-berne 301, 010133, 136, 10111011-
mmmwwffiffl
111111 <lom 331), sorni kostel 11. 1111110
383-331, 1111111 388, kopleni 391,
11111101 11. Κ11110111391, 11011013 138,
mfflmfflmmm
1131111 141, 11111931,10110011101111
433, 440, 0101101 738, 011011 1111
311, 311, 330, 848, 11111111010011
117, 118, 0101 313, 111110101483,
111111 1011010311 848. podkomoll
311-313, provo 11111111 113, 439,
provo 1131110111 633, 666, provo patro·
11111 901, 391, provo 1111011111110
141, provo 1111111011 036, 666, pll-
mwmmmmm
1111111 388, 383, 331, rodo 1111111111
313, 11011111 133136, 11011311 10111111
wwwwwmmm

111111 1111111378, 1011 11111111
141, ael-323, 11111110 11111111
383, 111111010011311, 111111 101
311, 313, 1111111 11111011 3111
1110110 483, 1111111 11 1110111111
11390, 110111 10111 330, 301,
1011100 1010111141, 11110110
Zdejciny (11113111) 211, 118, ·
1011311, 11101011 111111 141.

13110011, 10 91010111, 111111, ;
31101110111011.

3011111 Honos 1Ριο101,11311116111
0111111100.

1 3011011, 1111301111 111. 1101111101.

3111100100 ves u Slaneh0‚ Benl
31011101101146, 741, 881.

301011, 1111111 Klatovsky 106.
31113301, 101 bisc 3111111. 141.

1111113113, Remea, 0111111111Βο
104, 103, 443, 1111111111430.

311 oenoe 10101111, 603-616, 111
11 10111111.

Be& 3011, 1 111ωο011610 3101131

Belo poll 3111131110, 1111101110, opp
31011 1110 Aqua Alba prope 011
3011101, 1101111011οτ 443, 430,
mmmmc

331110 leka, flumen, fluvium 3
3011111111, 366.

Β1111011 ’ 11131011011740.

31111, p 0101111 111111. 11. 1111111
3111111311 381.

3130111111, 1111 1 0110111111 317.
1 3110130110 Jan 252, 253.

311110111111011, meet. Ν 0110010110

2 11111111110111 11111 101.

371100, 110111101 33111111, archid
1013011101111 814.

Ruina, die holle Belyn‚ v 3111
Βίέἰῃὲἓιῗξ, Ηο1111, meet. 11 l
1 .

31110, preco, der putel 18, 06, 17,
363, 738, 1046, 111100 1111119,
100111 18.

Bicclos v. Bielmpllv.

3111011111, Episcopus 10111111, 1
1110111111 130, 111.

3111011103 301011 603, 1111111 l

— 0101101011 1. Oomouc, biekupo

- 31111111, jeho 10131011 1 kreji
1111111111 33, 1. 31111, 1111111011

- 1101011111 31.

3111111111. 8111111 1111111113.

 

