UVOD.

11111111, 11111 bylo 1111111111111111111111, 111111111111111 1111111
1111 1111111111 prava 1111111111 1111111111 (11111111, 11111 1111111111
1111111111 1111111111 1111111111 1111111111 11111111111111111111111111
1111111111.

1111111111 [11111111 1111111111 11111111 11111111 1111111 (1111, k 1111111111
111111111111111111 [111111111111 1111 byly po 1111111111 1111111111. Roz-
1111111 111111 1 1111111111111 1111111111 byly 1111111111, 11 1111111111 111-
1111111 11 111 1111111111 111111 1111111111 11111111 11111111 regest
1111111111 11111111 111111; 11111 1111111111 11111, 11111 1111111111 [1111111111
1111111 1111111111 11111 so. 111111111111111, 11111 moino rozhodnouti 11
pro 1111111111 1111111111111111 1111111 1111111111 11111111 11111111 1111111111
1111111, 1111111111 11 111111 za 1111111111, 11 111111111111111 [1111111111
111111111111111111 111111111111111 [1111111111111 1111111111 1111111111111,
1111111 1111111111)1111111111, 11111111 111111 1111111111. 'Ze publi·
kase· 11111 1111111 1111111111] na 11111111 1111111111 11111111111111111111111
[1111111111.

1111111111 11111111 1111111111, jak& 1111 1111111111 111111111111
111 ,1111111111 1111111111, ,111 11111111 11111111 111111 111111111111111
11111111 [1111111111 1111111 1111111111 1111111111111111 1111111111111111ς
1111111111-11 1111 11111 111111 1111111111111 1111111111, 1111111111 11-
111111111111 . 11 11111111,111111111 11111111111111111111111111 111111111,
1111111111 1 1111111111 1111111111 1 1111111111 1 k 11111111111111111111111
1· 111111 1111111111111 1111111 1111111111 111111111111111111 1111111111

 

