000 1000

2. 0010. 0110101010 11010, 01100000 0001011010 0 0010 011010 Βο1110010 2011000
100 dem 00010100 00100 0001 0001 1101100100) 1405 0001000 bini: ,0000100100
0010010001001810000010100100, 00000 0111100000, 000 000000 1001, 0011000 1100000011,
100 1110000101εο 0110000 0101100 10011100, 0100 1001110010οΚ01000100000 001000
01010010000010001001,00010110 0000100011 001 00010000, 110 000 00010000
00000100 nach 100 11000010100 0011000 0110000 000000 010101011000 101 000 100
0001011100 00000 001011 10100, 01100000 0010 - 000 heyden 000100 00 1000010010

011011001-, 0100 01 00 1010000101101001100 0000101100, 0000101 1000010100-
man sein, 100 0000 0000101101 00101 000100. -10110 00 10 0000 01011 000-
0101100 000011001010100 0010 1000000000100 001 100001 10 000000001εο 0111
000000 100000 100 100000 0010010010011100 001 mit des 01000000 000 100 00001
00000100 01001111001000101000000, dem mser vorgenanter guediger 1000100
10001010 00010 001110110101 0001101100 10110, 001 mit hilf 001 001100 011000 000
100 0001000, - 0000000000100 001 01010010110000 gemacht czwissen 100 000-
00000100 100100 000 100 000000001οο 0001011οο 00000 10 0010100 mass, 0100 10-
001001001101,100 100 81001001 001 0010 00100 10100 00101100 100 00010110 00000
01010010 1010010 mit 01100 rechten 001 0000010000000 1000 001 101111010100 00
011 001000 001 00 0110 00110010110, 0010000101 00 00 00000000 001 00001000
mit 01100 000100 001 0000100100, 010 000 011000 10000001οεοι 0101100 0010001
10180 00101100 00 001 0010 00100 00010 10100 10110 0001001000100011000
1100000011 10 0000000010 00110 00100 0001 10110 00001 001 0001 10100. 1100
0000001101. 1001005100001001 0010 00100 0000 00001100 000001 001 0001001
1000 11000000110010000100 0001 0000 000100 000001 001 000101000000 001
00110100 00101100. So 00101 00011000 1100000011 001 1000100 10010000 001 10
1011001 001 10010101 001 0110 001000101, 10 100 0101100 1100001011 1000001101,
001 00101100 000 0001 100100 10 0110 000000 001 0011001011, 110 001 100 0001011
001 001 100 01011000101 00000101100 101, 001 100 01100 0000101100 000 itm 1001,
0100 101001111010100, 100 1001 8100000100 001 000000 0010000100 000101100101
1011110101 10101100, 000100 110 1000 001010 001000. 10 100 81001001 001 0010
00100 00000100 001 1001 00001011 001011 10100, 100 00101100 010000, 0100100
100 10001100000011 001 1000100 10110 0010 001 000100 dem Sigmund 00100
001000 00100 01011 mer 01101110 0010. 1001 mer 10100 wir 0000000000100001
gemaehet: 011008100001 001 0010 00100 01000000, so schol 0001011001 00001
01000001 mit 01100 0000010000ος 00101100 0011000000 110000001100 0010011000100.
11000 0100 10000 1100000011001 1000100 01. 00 00101100 geriem, 0100100000 001
000 001100 5100000100 001 0010010 00100 0010110 mit 01100 00000100000, 010
0000000101100 0101 10101 100 00010110 010010 01001010000101011000010,
10 0100111000 0000100 010110 0000000, 0100 1οι 00 01100000 0001011 0000000 000
100 1100001011 00000, 00 00101100 1001010011000001 100 0000010001οη 001110
0011001101001100000100000100000. 101 10 100 00000001 0100 00001001 001
00001 100100 0001100 000 000001001000001001. 100010 000 100 000100100000100
00100000 00000000 001 haben sich 000000010000 001 00100101, 00110100 0001

 

