1111. 1115

111111 11111111 111111 111 11111111 11111111111111 11111111. 11111111-
111111, 11111111 11 111 1111111111111 111111 111111111111111 111111
11111111111111 1111111111111111 1111111111 111, 111111 111111
1111111 111111 11111 111111 111111 11111 1111111 1111111111. Item,
1111 (1111111 11 11111, 11111111 11 111111 111111111 1111111111
11111111111111111111111 11111111 1111 1111111111 11 11111, 11111111,
11111111 11 1111111111 1111111111 1111111111111111111 1111111111 111
1111. Item, (1111111111 1111111111111 [111111] do 111111111111111111
11111111,11111 1111111111 voden 11111111111111111111111 proti
111111 111111 111, 11111 111 11111111111 11111 1111111111 1111111111.
11111, 1111111111, 11111111 111111 11111 [lide] 1111111111 11111111-
11114111 11 11111111111 1111 111111111111111 1111111111, ti, v 111111
111111 1111 1111 1111111111, 11111 1111111111 1111111111111111111111
1111. Item, 1111111111, 111111111111111 1111111111 1111111 1 1111111111,
1111111111 1111, 111111111111111111111111111 111111, 11111111 111111
1111111111 1111111 1111111111, 111 11111 1111 1111111111111111111111
11111111, 11111111111111111111 1111111111 111111 111111 111111
1111 111111 1111111 1111111111111. 11111,1111111111 11111111, 11 1111111
11111, 111111 111 1111111111 111111 1111111 11111111, 1111111 11 11
11111 11111 111 1111111111 1111111111111111111 1111111 1 1111111
1111111111 11111 11111111 Β1111111, 1111 111111 1111111111 1111 111111.
111, 111111111111111 1111111111, 111111 11111 1111111 1111111 111111
11111 1111111111 1111111111 1111111111 11111 1111111 1 11111111,
11111111 1111111111 1 1111111111. 111 1111111111 1111 111111111111
111 111111 1111111111 1111 1111111 1111, 111111 Η1111111 11111111
111111111111111111 1111 1111111111 1111 111111 1111111 111111
1111111, 11111111111111111111111, 1 1111111 11111.

11111 1111111111111 XV 11111111 111111 1111111111 1 r. 1416 111. 186
archim 111. 1111111111 Β111111.

1 111. 11.

13111, 31 prosince. V Praze.

11111111, 1111111111 1111111111, 1111111111 1111111111 11111111111111,
1111111111 1111111111 111111 1111111, 1111111111 se, 11 1111 1111 111111 1111Ι
11111111 1111111 nikomu 1111111111, 1111111 1111 1111111111 11111111. 1111111

 

