XVIII

30. Τ1111ιιον 1. 0, 71, 72, 00, 216, 280, 420, 713, 718 a 854.
Ζ 10111111 3111111111.
40. 'I‘yn 11111 Vltavou 6. 806. 11111111 listina 1 to originzilni.

4161111111111111 1.. 11, 1114, 101, 133, 111, 141, 111,
116, 201, 214, 280, 281, 203, 204, 304, 322, 342, 352, 465, 487,
515, 701, 740, 758, 750, 768, 786, 817 a 862. 22011111115111-
ginfflfi.

42. 7111111111 1. 185, 335, 308, 300, 488, 511, 547, 701, 726ἲ
802 a 815. Ζ 11 1111111 4 1112111111.

43. 71111111 111311 1. 27, 53, 83, 87, 200, 252, 304, 356, 361,
305, 300, 405, 406, 480, 512, 578, 671, 6801854. Z 1011111115
originfilfi.

44. 311111. 11, 1411, 1111, 111, 111, 111, 111, 111, 111,
102, 201, 212, 210, 260, 207, 310, 324, 363, 364, 300, 422, 424,
420, 444, 400, 513, 520, 534, 538, 530, 542, 551, 564, 565, 566,
580, 602, 604, 610, 646, 601, 602, 603, 701, 716, 722, 723, 727,
732, 737, 763, 764, 781, 780, 704, 818, 810, 848, 868 1874. Z 61
11111117 1111111111.

1111111111 11111111 1111111 1111311611, jeI 1101116311 neb 1611116111
1151116111111611111611 111116161111111. 5, 36, 83, 81, 100-201,
272, 303, 304, 371, 308, 300, 406, 455-513, 570-578, 618, 701,
756 1 771-780. ¹²)

Pokud 1111111111 k vydavatelfim vy‘sadnich listin zde uvefejnbnyeh,
[11111111 01111111 od 11111110 nob jioh 11111111, 1411111111111111111111
1111111111, 11111111111111111, 111 01 0111111110, 18 01
0111111111 1111111111, 21 ο111161116111111 krzilovsky‘ch, 1 11111111111111 Ρο-

11111116111, 31 od 1111111111111 1240611111111111 1111110111.

2111111 1111110111Ῠωὶ vydany'ch pIipadaji jeden 111 Premysla
0111111111, 311171111111, 18 na Premysla Otakara ΙΙ, 361111 VI-
11111 ΙΙ, lna 111111111ΙΠ, 5111 1111111111 3011111111110, 132 na
Jana Lucembursk4h0, 244 na Karla IV 1 311 na 11111111 IV. Isou

111111 1161111, 1613111111 listy vydan4 pod 11111111 1111111 1111111111,

¹²) V 1111111111 11111110 nejsou arei uvedeny Iistiny, jez jsme u 13111111 neh
1111111111 1111111111 v poznfimkssch 1111 jednotlwych privilegifch uveIejnili
ajiehi jSme 11111 11111 400 [1111111111.

 

