306 1111.

,1111111111“, lesa ,11111111εῆ 111111 5111111111* 1111111 ,1111111“, 111111 11111 1111111111
jezem 11111 vitici 111111 1111111 Blanice.

K 111. 185.
1335, 25-31 prosince. V Praze.
Cesky' 111111 111111 1111111111 usta.
My Jan 11111 11111111 (1111111111 1111111111111 11111111, 111111

1111111 1111111 11111 1111111, 11 111111111111111111111111111 m&
1111111 1111111 11111111, 111111 111 111 111111111111111111111, 11111
jest 111111 11111111, 11, 1111111 111 11111 1111111111 11111111 111111 oby'·
111111111 [1111111 by 1111111111, 11111111111111, 11111111 11111111
1 1111111, 1 dobry'm rozmyslem a 11111111 11111111 ku 111111111111111
1111111111,111 11111 1111 111111 11111 1111111 11111111111111111111111
11111111 1111111111, 1111111111ῃί 1111111111111111111111 1111111111 1111-
1111 1111 1111111111. 11111111 1111111 1111111 1111111111111, aby 11111111
lide vozby 11111111 k 1111111111 ssahim Budkjovicuom 1 k 1111111
1 1111111111 1 1111111111 nobo 1111111111 111111 111111, 111 11111111
11111 11111111Β111111111 111111111111111 11111, 11111111 1111111 11111
mesto 111 11111 1111111111, 1111111111 11 1111111111 111, 1111, 11111111
11111111 11111 11111 11111111 od 1111111111 11111 111 111111111. 11111-
novujem 11111, aby 111111 1Ρ111111111 11111111111111111 1111111111
111 take 11111111 1111111111 1 0111111111 1 111111111 ku Ρ1111 nebo
Η111 Κ1111 111 11111111 (11111111, 11111111 jinudy 1111 11 1111111
11111111 1111111111, 1111111111 11 1111111111111, 11111111 Ρ1111
by kto jinudy Jeli, ti 1111 1111111 111111 casto 1111111111 11111111
1111111111 1111111111 1111111 1111111111 1111111 111111 111111
1111111111111 maji by‘ti 111111111, 111111 1111111 1111111111 2111
11111111 11111, 1111111111] 11111 111111 111111 111111111111111 1111111111
11111111 111 11111111 1111111, 111 11111 1111 11111 1111111111( 111111111111
11111111 1 11111 1111111 111111 11111111 111111. 1111111111111 11111111
1111111111 111111 11111111 11111111111111111, 111111111, 1111111,
1111111111, 1111111111111111111111 1111111111 1111111111 1111111111,
1111 1111 na 111111 111111 1111111111 11111 111 11111111 111111 timui
nebyli. Ohcem 11111 1 111111111111111111, 1111 1111111111111111·
1111111 11111111 1111111 1111111111 1111111111 11111 1111111, 111111

 

