813 8888.

hylo, ahyto 10181818 8881111, 81] 8810 818108 8181818818 18881811 88 181 01
8]11818181810 lietu. Τ811 81] 101881818 81818811111 188 81188181 8]1811 8 81111
1811 1888 18811 818888 81110181811118808811 8888881181 881 8118811, 81]
11181888 8880811811, 818 88888811808188111. Τ81181888, 118811 81111818181 ,
8881881 8 1188188 888188111888 8111 18888 808111 88 81101, 18110 81088 88888811, 8181
mezi 818888 8 8118188818 8888188880 1]10 8181 88881818 181881111888, 81810818118
1]10 8 0181 8188818, 18101 01 81888118881]10, 81]1018 811118 11118118 8881888811
1888 888]818111. A 1811 81111 81] 818181 18 8881188, 88118811 188 888188880181
8 0118 8188881. Τ811, 1101 81118180 8818181088818 8888, 81]18 8881 88188181
nom 8 8011188188 888808110881, 81] 8111118811181811] 811818118801118118
10188 11181 88181811. Α 1101 1] 881 188180 88088181, 81810 k 81888 80888888(
1]10, Τ811 81118881181111188, 11881 1] 8 8181 8 801018 11181101111, 81]1888
1810 18881 8818118111. Τ811811111 81]88818111811 81811188 81111188, 18110 8881
8111 8 88111881 888 81811 lidi, 88110 1881 01 81888118881]18.Τ811, 81 1] 11881
88818111 11181 88 1188188 8111118188, 81818888 8111 81888111, 1811]18811811
818111 888818111 1188888811, 18111 110888 18118 88801181 8888181 1818811111, 81]
811 8181 8811880 1]18. Τ811 8181010 nebo ty 811118 11181 88188888] 0 1881888,
8818881 1] 88 881]1118, 180881 18188111118, 88118 8188110 88188 8 80118 1181

118118. 1811 8]808181188, 81] 818181 1 88181 811111 81118188181118180818181

818188 88181188 18811 81] 88081 8888118 18111 1] 1188 8 8118 81888180881110,

18181] maji mezi 8811 8]1811 1888 8 18811 81888] 18811188 8 011 818881, 811

11 11]118 moeni 181118 smluviti. Pakli by 88 10 88880110 81111,1811]1111]118881

8881811 88 88881818 1818811118, 8 881 1] ti 18111, 81] 10 880880 1]10. 1811111

881 18888 818 88888111 8118111, ahyto 18188111118888811 88 1018818188 1811111

hosmistr 8888811 1 18888 8118111 (18181 1018 88181), 1811] 88811 1818811111 1 88·

1811111111 8181 8188888188 8810 1101 8188181818 1818, 81]188 18888118 81·

811, 8 801 1] 188 mezi nimi 8]8081111, ahyto moeno 8 8181811 1]18 88181118·

1888 88881888888188 8 801 11 181181118881888808881. Α 801 811111 118118 8881

01 8188811888, 81] 11881811881]10, 881 1181181881 8811118. A 1811818881

8181111 mimo 881 1181] 8 mimo ty 8188188] daile 8888181 881 18810 1888088818

8118181888, 8 11818 81] 88188 88118181 180881 8 Ηο8] 8818018 8181 1818811118

81881 1881881818888. 1811 81] 8118181 188081 [a] 8818181081 8888188888181181111

88088188 888881 188 8081]18818 byli 8181181 8 011 818881 0188818811118881

8111118 81018181 18818181, 8808111 8888 011 818881 8881188881888 8088188

1881 88881 mimi 1818881 18 8881888, 81] 888 8811 880818 88 88118881818 88188111

81181811 1 1088810 11818. Ρ818188181 1881811 Ηο81111811880 8811 880818 88 881

188-81818· 88181 8818188181 8811818111 11088810 11818, 11118111 8 Ρ8818, 181118 8881181

81881 88 11088181), 11818888 8 11888818818, potum i 8181111 81818118818188818811

881811 88 8811888111 81181811 8888 k 18888101818.Ι)18 8 Ηο8] 80 1011888 8888

mni«— 1188· 11811 818 8 88881810 1118 8 188 181881 80811888 [88]188811888 18811881Ι

88818118118 10118888.“ 11888. 111 18881811,Κ88181Ι1888818.18.)

 

