W

1616116, domus 6161616166 116116 66116166666 6161116 68, 79.
wmmfflmffllmwfflwffi
‚ 1048, 1112, 1114, 1111. Ρ1661666166 6.

Ρ1611116, Ρ1611661, 1661 Η16166116 638,

mmm

lin, 6116661 616111 1 26161 6666611661 1166116166,

6 6166661661 168.
1666, Η6111 1.
111666, 11111161 01616161666116

1611166.

616813.

16116666 116, 941.

111. 016116 16166661, 11616,
61101066,1070,1071; 110-
6166, 1116116,116616111 min·
)98; 1666, 61166116 66 Ηο-
’1611 1096-1098, 6611116616-
1616, 6611161161 1116, 16661
1 616166166 6666166, die
6 647, 784, 6666661, 61616
6166616116, 6166616666, que
16161, 616616, 1666666661·
1166666131, 184-186, 146,
mmmmm
&affimmmffimst
mfflmfflm
'esnice 6666161, 11616661.
11616, 1161166611, 6166616666,
666 344, 66 6111111166 168,
61611 66611616 61616666 848,
1. Ρ1116611; 6 1116661136,
11116 1161161116 187, 6 11116
mm.

6, 11616666 677-670, 6111-
166166 1097, 1098.

66661, 1161116, 6166166Κ61-
mwQOm
mmmmww
mwmffimm
mmmmm&
mmmmmma

, 66661611113, 1103, 1104.
6616111 666, 686, 687, 66
364, 661116661066, 1068.

1166166, Ρ1666, 616616 41,

11 191, 901, 6116661 011611-

0111οτ 1143, 1146.
116161 1146.

fit. 6 16611111 m. 11666 1016

11666, vomeres, 6111166116, 161.
11616661 Janek 776.

Ρ16611, 1161111661, 616616 11666116 11666,

11666 111666, 11666 Ρ1666, 111666,
161666, 111666, 161666, 6166611666, 61-
61166 16161116666616, ΡΙ6666616, Pils-
666616, 11166666616, pilznensis, opi-
dum 16661616 11666 Ρ11666, 6161 66
111666, 66161666 6, 160, 180, 161, 191,
163, 666, 661, 616-614, 661-666, 616,
mmmmmmm
662, 663, 676, 678, 580-686, 601,
6Μ6Μ66Μ6ω
mmmmmww
mfflwwwmmmm
mwmwffifflffln
mmmwwwmm
1020, 1024-1018, 1060-1062, 1074
awmmmmfflww

- 6161611166 6, 66166 174, 836, 836,

001, 903, 036, 1024, 1026,1131-1163;
111166 6661616800, 616 166, 739, 741,
1013, 1010, 616 61616066 141, 616
6 66661116 196, 799, 116116 6116661
836, 836, 1131, 11616 666661 1169,
1166116116 1666111616 739-741, 166116-
161 761, 16111173, 1169, 1160, 1166661
61661661 1000-1004, 1010, 1116066 6
ψωωωωωωω,
11166166 6116661 377, 378, 11161161 66.
1111161616 1169, 1160,

- 116616 66116161173, 116616 680, 849,

1016, 1017,1161116 61661611 1016, kon-
1616 (61166161, rada 16661611) 173, 311
ωηωωωῌηωω,
Μωωῃωηωωω,
1010, 1026, 1016-1028, 1060. 1131,
1131, 1169, kostel 1616166. 0611616-
61666 100, 761, 811, 1169, 1160,1116-
6166616666 6166666 836, 16661684,
1061,

-1661111111 1160, 1161, 1166 11166616

6111661666 191, 103, 16661666 191,
666-611, 661, 666, 666, 666, 666, 611,
wmmmmwm
6wffifflwmwmw
mmmmmmwm
818, 1060-1061, 6116616 1616 311,
311, 848, 849, 611166 16661616 1010,

6661661661 166616 679, 6616666661 od
66 6 61166116 368, 369,

 

