924 1111.

111111 tymi& 1111111111 prdvy 11 1111111111, Ideni cisar' Karel 11

1111111 11111111 1111111 11111111111111. 1111111 11111 11αῆ1111, 111 do

sv. JW do 111111 1111111111 111111 1111 vina se 11111111, home

1111111111 111, 1 uby perkmistr 1111 1111111 1111111111, kdyby 11 111
1111111 11111.

My 11111111111111111111 11111111 kral 11111 111111111111111
11311111 kral 1111111111111111 11111111 111111 1111111 1111111 1111,
11111 joj 11111 111111 111111 1111111, 11 1111111111 1111111111 1111111
1111111 1111111111, 111111 1111 11111111111111 i obeo 111111
1111111111, 11111 1111 mill, 1111111111 1111111111111111111 111111 111
1 1111111111, 11 111111 den 111111 111111 &initi 1111111 1111111111-
1111111 111111, 11111111 proto, 111111 111111 11111111 11 1111111111-
1111 1111111111 1 11111111 bylo, 1 1111 jsme jim i 1111111111 11111
sdobry'm rozmyslem 1 (1111111 1111111, 1 1111111 1111111111 tuto 111111·
1111111111 1111111 1 1111111 jim 11111 1111111 11111 1 1111111111 11111
1111111111, 11 111 11111111 1 nich 11111 1111111111 jich 1111111111
11111111 1111111111 1111111 1111111111 11111111, 1111111 111111 11111111
1111111111, 11111 11 jim hodi nebo 1111111111 1111111 bude, 11111
111111 delati majie 1111111 1 1111111111 1111111111 11111 (1111111111
hory 1111111111 1111111111111111 111, 111 11111111 to ve 11111111·
(111111 od (11111111111111111111111 (111111, 111111 1111111111 by s to
by'ti‚ by 1111 11111111111111111 to 11111111, 11111 pergmaystr 11111111.
Κ11111 111111111111111111, ti majie 1111111111, 11111 1111111 11111,
11111111 1111111 1111111 111111 1111111111 1111111111 11111111 11111111
1111111111 1111 majie oni 11111 1111111111, 111111 neb 111111 (1111111111
11111111, (11111111 11111 1 111111 1111111111 11111111 1 1111111111 111
1111 111111 1111111111 1111111 11111111 111111 puol 1111111 11111111-
111111 111111111 11111111. 11111111 111111 111 1111111111 1111111
11111 1 osum prutuov 1111111111. Κ11111 1111111 1111 11111111 111111
Τ1111 ty 111111, 1111111 11111111 11111111 nebo 1111111111 111111 (111111,
majie ungeltu 1111111111111111111 jiny'ch 1111111111 11111111
bodny by‘ti 11111111. Τ1111 1111111, 11 1111111111111 111111 1111111111
od 111 1 od 11111111 1111111111 11111111 1 &achach 1111111111 111111
1 maji 1111111 rok, a 111111111111111 toho 1111111111 11111111111111) 1111·
1111111 11111111 1 11111111. 11111 11111111 1111111 11111111 1111111111·

 

