355 1111.

orig. 11611 1 11611111 ur 1161616116 Κ· 11. S 1116116161 1611611 161611 111-
16111611.

* (116. 666.
1661, 11 limma, 1 rme.

Kra'l 1116166 Ι Γ 1111611 1111116ιὲ6116, 16116·1116’1111116111 11111616 Leo-eric
r'dd oapmbu “Hdddm' me'stske' sbr'rky 11611611 plata 1666111116, 1116 He·
n'lw 1111111111 1161 61116161,ρα1161611 66 platus· 1116 s mezo 1161111

emeaokomaipocim 6111111111 mamere-twa& 11σῄ

6161166116 111111666666111116 61611666661401φ,1611]’11111611’166

611111111161111Λ11111ά1661111166161111, 1111161116 6116611161ὶῶ-
11116116Μὲ111661111.

Wir 1166661111 166 16166 161166 11616161161116611 16 11166
6161166 616161 166 1616116 161 116611 111Β6116116 1161166666 161 1116
1661 61166Ιί61166 1611 diesem briue 11166 166, 116 16 661166 6161116166
16666, 116 1111 durch 6661611161166 666166 1611166166 einen 166611
6111 16116111611161161 1611 1611616611661 61616 161 16611161 1116666 dem
1611616616161, 1616 161 11611616 1166161161166161161666161666111161.
166616 11611611 16116166, 6616116 611666616161661116111161616666161
161 1661161161 haben, 666166 161 1616116616 11616 61111 1161 1111661
161 16611116161, 6166111 16 11611616 161 6161666, 661166 1611161166.
116 616 11666116 611666616 16 661611611666666, 116116161611166611111166
61616, 6111116166 halden 661166ε Czum ersten, 16161161 burget oder
16116661, 66 661 111116 61616666, 16 1161 6166161116 611116 161116
1661166 166 1116111 6611611 1166661 16166161111116 6611116661, 1616161
116 11111 161 sol 661666 61166 616111 166 11161 11666116 661661116616
111116, sunder 61 66116161161611116111161166,1116 61 1111. Item.
1161 61161 166 1116111 6611661166 16166161111116 61611116661166666 16116
161661 geben sein 1116611666 1611 16166116, 116 1161611116 16 161
616666166 6161611166661; 1111 61161 1611116 1666611661666116611161·
1161166, 166 16616 61 1161 166. 161 161161661616611116161161161-
16616161, 1616, 11611616 16116166616 161 6111666166 611161661116166
161 1661161161166 6111 diesem briue, 116 616 61116116 6116611616 161
6611616616, 116 161161 1666161166 6161, 166611661611111166, 1616111

 

