612 1333.

13 geben 13133, 3313111311 mit 333333 131133113133 33133131 33133-
genden insigel, der geben 131 33 Nuormberoh 33 3331 1311331333
1333 3331 Christos gobuort dreiozehonhundert 331 13 donn 333133 331
3313333133 iore, 333333 rich in dem 31333133331333133133333133
’1313331333 13 dom 33311133 jore.

“ Κ3113 3313131133. 1431 331. 63 3 3131133 1311333 33 3313133133 ‚In-
(131133, qnod publicorum enatorum 133333333 333 ciuitates Ζ333, Brux, (1313333
31133331 corrigantur.u - Jine kop. 1333131333 privilegii 3131133 nn Κ31331 33
133111313333333133 1313313. Zotee 3 r. 1333 331 166 33 33313331 ,113-
33133133333133 3333, Pontem, Lunam 3103133333 ciuitates connectit 3113311-
31331333 31133333333313 331133113313313 3331331.ιι - Dle Ζ3133131311ι1 31131331
Schlenger, 1131111331 333 3331133363333113333 der stadt 83311 3163.

Κ313. 422.
1366, 2513133333. VNonimboroo. ’
113131 33333131 3331133 3131133313131313.

131333 313113 milosti 11133311 31331 31311 333333111311113
3 33311 1311, 3333333133 tiomto listem 313333 313313 313331 1111131,
1331 131 3311, 313113331 31331 3111311 1313, 13 333 33131 3 313333
neme 3 lidi, 31313113, 311 3113131 13313, 3111311, 333313,1333113113131
1131 lide, 1131313111 1311 1313333631 1111, 11311133 33331 1 33 311313331
3333311, 13333333 313111313361113331333 13313331313 1331331, 33
3331111333 3 peronne take 311333 moot 13131311313331313331113
3333133 nenton 313131, 3Μ3313, 3113111331 3 31313331, 311 onio
silnioo, 1133311113 31113113 3 31131 13311, 33131111 3 111111 1131131331
331 111311331 1133113131 1111 3133336311 33313 33 neptali, 131113
3 13331331, 33 1313131, 3 3331331331 nebo 33 13331, 33313 1313111
11 3133331311, 13 33 331 311 11331133 1313313311 majia 133131 1131
11331333 1 31311333 33 33333111. A mojt 31131313313311331113131
’1111331 33131111 333113 33133 podle 33313 33333131, 13131 331 333113
podle 311331, 113331 133 331 natm 3 13313331313 33313133 31133111.
A 3311311 313113 11 11311 11311131 lide maji 3 33 3313 3331131331, 31313
31311 331 33 tem Iidem 3133333 steti 3 3331333313, 1131111311 3133331
3 11313 33311, 3 3111333133 31311333 1331 1133113131 lidt, 11311 33-
131331 1333, maji oni 333 313331 113313 33133111. 311313 3333311

 

