1111 - 79

1111111111, 1111 1111111111111111111, 11111111111 1111111111111111 11111111.
[51]. Item, 11 by 1111 11 (1111 111111 11111111111111111 1 1111111111
111111 anob 1111111111 11111, 1111111111 by popedon hyl, 1111111, 11111111
toli, 1111111111 (11] 1 11111111 pao! 1111111111 11111 1111. 1111111111 by
1111 1 11111 1111111111 1111111 11111 11111111, 11 1111111 1111111 11111 1111.
[52]. Item, 1111 by 1111111 11111111 byl 11 dno 111111 111111, krych·
1111 1111111 11111111 voden hudo, 1 111111 1 1111111 boz 11111 1 11111111
1111111111 bad, 1 (1111111 1111 111111111111. Α 1111111111 1 11111111
11111111 11111 1111111111 11111, 11111111 111 111 1 1111111111111-
dum [53] 111111 1111111111 1111111111111111111, 1111111111, 1111111111
neb (11111111111 111111 1111111, pych 111111 111111111111111111111 1111111
1111111111 11111111 11111],1111]1111111 11111111 boz 11111111 1111111111 111-
11111 a 1111111111. [54].Ι11111, 1111111 1111111111 sebe 11111111 1111111111
. 1111 111111 11111111, 1111111, 1111111111111 1111111111 1 (1111111 od-
[ pimly. [55] lton, pro 1111111111 1 (11111 11111111 [111111 1111111 11111111
Ῑ hudo 1 1111111111 11111111 1 111 11111. [56]. Item, [1111111 by 1111111111
² 1111111111 1111111111 1111111111 1111111111 by 1 nimi 11111111 11111111,
f 11111111 vinni 11111111, 111111111111111111 11111 [51].111111, 11 1111111
’ 1111111111 (1111111 1111 1111111111 1 11111 1 1111111111 1111111111 [1111111111
1 1111111111111 1111111111, 1111111111 m 1111111111, 11111111 1111111111
1111111, 11111, 11111111]1111111111111,1111 1111111 11111 11111111 11111111
111 to 1111111111 po 1111111 1 po 11111111[1111111111111111111111111111,
11111111 1111111 do [11111111 111111 1 do 11111 1 (11111111 (11 1111111 1111
111 mine, 1 1111111111 1111111111 od 11111 1111111111, 11111111 1111111 11
11111111 111111 11111111. 111111111 by ktory 11111111 1111, 1111111111
111, 1111111111 11111111. [58]. 111111, 11111111 (1111111111 [1111 od 1111111111
11 111111 1111111111, 11111111 11111 1111 1 1111111111,1111 1 111111 1111111
ani 1111111111 11111111, 111111 111 ruku jemu (11 1 da jemu 11111 11111111
11 111111 1111111111 1 1111111111. 1111111 111111 11111111 1111111,
, 11111 by jeho 1111111111 1111111, [11111111 11111 [1111. Α [1111111111 1 [1111-
laniem 11111 1 11111111 111111, 11111111 111 pravom potom [111111 za 1111
11111 1111111 11111111111, 11111111 11111111, 1 1111111111 1111111 111111 11
111111 (1111111 [59] 111111, 1111111 11111, 1111111 1111111111111111111111
11111 11111111111111111111111111 11111 1111111111 byly by, k 111111 11111111
1111111111 1111111111 1111111111 111111 1 11111111 1 1111111111111,11111111
111111111111111 to jest v 1111111011, v 1111 a v 1111111,

 

