1246

- 000111100110011366;0000111110011311 383, 407, 410 469, 671, 673, 991,
00101011137, 1138, 030311 1110010110 1094,1116, 1111111001, 0010 pendulus
679, 1131-1198, 011010101167, 68, seu 1111061110 998, 896, 897, 1196.

033, 1029, 1083; 903110000013011 11010111011110011111111 terrestrem.
podss vdovsky 1166, 0011101011 391 Modo, 00000 007, 410⁸ ,
01 311, 111, 101, 1110 101111 11610 1000010, 100, 16011.

9091010 3113--314, 333, 334, 13113, 1711001100, ves 01011 u 90101110 906,
1010, 01010 a svobody 179, 938, 207.

3301913101111130311331 91310 (13· 17111110,Μο1111οΜ0110,110110103194,
(hene 038, 639. 1164, 1166, 01610 416.
3103001119013 1164-11673 91310 1111· 1111100111 ιι 00011 , flagellatio 19.

1010 67, 68, 938, 985, 693, 693, 935, 00000 ,00003000000001-000, 00.
1099, 011110 1100111010 661, 070, kazy k 1111110 111οθ.

gffgefijffflggss3⁰1¹)iurffi‘fflpgggmggi 11110010 0011011010110 01011 00111011
013, 030, 001, 010, 1000, 10001001 3110313 ³³⁶² ³³²:

1106, 11301131, 1131-1130, 1100, 10111111111111, 111111 1111111, 111101,-
1101, 1100, 0010011 1101611, ,0011101- 11111101, 111, 9111 11111, 113111,
stv1 ,101010 110, 110110-191, 266, 111111 perpetua 110, 811, 1111·

330, 330, 366, 336, 010, 010, 011, 1101000 0010 1101.

000, 010, 613, 626, 631, 361, 1130, 11011001, 0111111011 1111.

1131, 1167, 101011110168, 693, 601, 1111111100,Μο1011 1143, 1146.

1083, 1101061011οὺ (Jaklin), 10011101 11. Μ61·

—- 0611110 1100101111 637, 0111103 0001101111 3313 ⁹133.

53, 000.(,14ν 621, 716, 936, 1030, 1100000003,Μ11110110310,1Ι,09101416,

1003, 1001, ,1111 ,0111 00, 011, ,1001 111· ,
00001 01, 58, 238, 623, 319, 9573 1111001001ον, 11000111111011010110 1100.

,11100 10001010, ,1001011011 1003, 1111111, 0011111011 911.

0111311100ῐί 1111010110 638, 001111 mest· 11110 11 03111 03·
sky 986, 391-396, 366, 0011011111 110ιὶ000100, 111110οο1100, 1001 1101101·
476, 010111 0600111 399-396, 666, 1111010701071.
010111 30101111 131, 333-333, 3331 οΜ01301001Μο1010110111,Ρ101110601.

11810111 01100111 333, 3331 0101013111 Μο0011010,Μ1101011,.101110(1001111110),
dluzmkfi 195, 6233 ph'seiny 1. 11010110 679.

-- trhy tyhodm 190, 191, 194, 196, 11101110, 00 0 916.
trhy 10100111 179, 173, 696, 697, 1101111 1. 31011101.
1110011 solui 314, 316, 701, 706, 610110 111010 1. Cla, Mejta.
,0011 300, 000. 011, 001, 001, 001, 1101, 100311. 101013 0100.

3301 11110 1101311111 104, 7011 1310 1191101 kraj, Mutensis districtus viz
801, 1111103 646, 1168, 10101011 700, me,

6616,61666161261116 101 00 3313 3301θί

6101111310 (Pontani) 01111101, 11011101 m. ΝξὸἕᾙὸγῖξὲθέθξθωθΒ 4⁸⁴2 1331 1001113

Β310110 991.
Mn, thelonium ontis 255 310 Νο0101,0111131101100101110111111101100,
v· 10- ’ ’ 01010031000
Maeuiae, 110110 parva, 010 vlgariter 784'7786: 896, 969, 364, 9'21, 916, ’
0113111101οῑ 1110111111 671, 073. , mmm, 1803

31001000111011 1100130110,110010101 pon· - 110111, 01101111 403, 630, 784, 786,
cium 003. 911, 312, 011, 010, 1110-1111,

0 101101001100111111113. -10118111, 1011610110 106, 106, 134,

110110, pontes, jich 0010101911, melio· 313, 333, 133, 333, 333, 333, 333,
raciones, 130010010100 poncium 19, 331, 333· ι

39, 101-104, 196, 196, 136, 906, 0110011000 130101, 1001111101 11111769,
141, 100101, 300, 310, 300, 301, 100, 0111106,,,., ,10110

 

