1100·

01818188 1 8618888818 8180811808· ι 8818018888808181888 8101 8 po·
vody. 118118 814, 888, 180, 8101 81188101

away, (18181810), cenum, m ῃ Lm, 88 8811118 1111881188 88ος 88 811888
811, 881, 014, 818· 8 1188 818, 880 118 0818

0000 m, czyem, 040, 141. 818118 118888, 0818881811 od 88
0181811, terre 81118818 8118 extrinseco ΜΝ 11111115
487. ommno, kostel 81. 18381180 08118118

0181881, 118816, 8018118, 81118181, 118881- aa hm& “000⁰ 952,

¹023ng 981138958οὲἓεῖ ἓῗέξοξῗάῗζ mffiffipnmny 810118 01808

m, 887-888 888, 040. V. 118818.

0188188801 ululari 04 75, 01111188880111181881,8881808818881881
08881880 adultefium 188,, 2⁶, 70, 31, honoris 00. 811, 888,

0188888181 1. 0181881, 118818. 011081, 1818188808101180811, 870.
Clo, mejtn¹ theloneg, thelonia 1110010503 (1111101,(108011)071110,8οΪ1·180011001111οῙ11οὶ·

ἓξὲὓέῃξίηἳεξιῒοο 811ὴηί811, ‘3¹³⁰ssss 01101611010811881181818 8 18811 8,

48, 48, 81, 88, 81, 88, 81, 88, 88, 88, 881811, 8818 18818, 88818111, 881811
88101,188,101,180,180,181,181, regni Boomie, Jmlices 818118818188,
170, 180,180,180-188, 198-808, 818 justiciarii, 8018880818118818188, 8, 0,
81 811, 881, 184, 888, 148, 818, 888, 11, 81, 88, 81, 88, 888, 881, 888, 881,
888, 888, 888-188, 818, 881, 888, 818, 848, 411. 111, 818, 818, 188,,1881,
308, 008, 800, 010, 818, 017, 300, 808 1000; 1181180811, 1811888808 Ι111088
ιι 888, 888, 818, 818, 881, 888, 481, cnm 8818, 488; 1888888881 881;
488, 188, 481-488, 111, 481, 448, 188, 11188 18881818 881, 888.

4598 4601 ’1191 1771 483—007, 040, 0108188101, 88808881108118811088188,

5511 5531 5101 5511 5171511159111978 8808 provinciales, 11101818 1811881808
007, 080, 001, 640, 088, 081,780, 788, aude 3, 4, 144, 188, 18, 108, 818,

1881118148,111,118,118,888,888, 221, 888, 881, 848, 841, 848, 848,
8081 8261 8261 828, 851918411181118511 646; Nymburflk‘ 25¹2, 25⁴3 10111111.
802, 9171 918, 9114418 1711 971, 81108 Ρ181188818 888, 881, 188188110.

¹0¹³· 10101 10161 107711 1138115101 88808 8888118111 108, 4110. Viz Krnjo.

,1115131 ⁹, ,ν fflfflbfflg ,14111ςὲοὲἓὲξὸζῖῧέ 08811111 011118,811881811881811811018.

f
1111111ξὲῥέἕά ἓξὲξ ⁵⁶¹, ⁷⁴⁶2 ⁸⁴⁰³ 00'1'222204 81118118, 8188811 m. 88-

18118, 078.

Clthelfgfflrrmfflvssffifflg 11111110 1,·81818888188888, 8818881888.
, , 5⁰ ¹¹¹ ⁰⁰⁸⁸? 188818881814-1811,
5511111 8110101 ⁸¹⁸⁹ ¹⁰³⁰· 08188118188118118, 1811181 81. 718188, 088.

Clo 818888,11818881118 1811111818 1080, ο,,,,’,,,11,ωη, meum Kutnohorukylwb.
1440. 1141; 088118, theloneum 888181- (hobolffi. v, Ζ881111,

ζιθὼῶἕθξῗ,ἰὲξξῃέῠζεξέῐξξῖἀῗιῇζ 088811 11188181, 1881188 0818888101,

1888181888 1111881818 801 88881881,

1111181818 181118, 878· 81808186 818; , ‚

prom& 0¹⁸³! η prsswd· ι prm& 0810811188, 0888181181, 188, 870, 071.
vffiffi ι11181888111811 1118818811) 018; Qnuflffii, (11ῗῶ ἓῖῗω, 1881188
18·110“181118,“01ῗ”108“110 8108 88111, 81888· 88,

1081, 1084; VWB& 484, 181· 0114188,2118818118,08118818118, 111118118νί8,
1188081111801 8 konl 810, 080, 018, 088818018111811808181181, ’118118-
400, 181, 188, 188, 188, 881. 888. 888, 81818018881188111188188118118888,
1118, 881-880, 04³, 1188, 1180, 88 138188181188118,01818181188118,11818818
01111, theloneum 0881181088 lignorum 1118118118, (1188818118, 11118 (3188181188,
818, 814, 888, 888, 188, 884, 400: 88. 18, 81, 88, 81, 1818188181, 188,
11111188818818818111, ne 88881 188-888, 811, 118-111, 811, 888,
81888818 818, 811, 888, 888, 848, 888,881,188,488,818,118,818-118,

 

