1412. 1145

1888818188888888818888888, 18888 88181 88 deun pleiben. Men schol
888188888188 18188888888188188188, 1888818188 8818 88888188
1888888 1181188, 188 88888 888888 81811 8888888 8881 1818888881
88811818181 8888 881 1881 88181818 8818 881188, 881 888118 herren noch
8188118188, 118818 88888888188 8881 188 88888 rechten 8888811181
8818. Vnd wo 88888 118 1818818 881 88888888, 118 88181 men 88811-
88811818 macheu, 8818888 88181 1888811 wider 8888888188 8818818188.
Es 8818818 8881 188 888888188 8181188818, 188881811888818888881,
8118 88118811818 8881881181888, 8888 8888 81188 rechten 881 888188
88888181188 8181188, 818 818 888 81188 8818 1881888888, 188 188888
dem 881888 188888 88811188 88181. Wurd 8188 188 von 88888188
81881888, 8888188888 188 88888888 88111888888888 8881888111818181888
1888888 88888188 8811888888 8888188, 18888 881818881811888. Es
schol 8881 188 88888888 88111888888888 8888 1888 88188 81188811
8888188 88 8888 1881 88811888· pey 8888888188 8888 881 81 88188
88118811 8888 8888818, 8888881188 818818188, 818 oft 8188 8818888188,
8888 88888818818888188 881 188 88888888 8881, 88118811 888181888-
1818888 8888888181188 (188818 88888 88888888 88888 811188. Vnd 81
1888 88888188 888 881888 88811888 8881888 88888 188888 8181118888
88888118, 881 8881888 188881888 des 8818 1888888888, 18818888
1888888811818881881811181818188 mit 8888888188 8888181188, 8811818888
8188 1881818 888 888888 8888888888 nuez, 188888 881881188 18888188
88188818888888888. 1181888 81811 8888888811818 weron, 8881 88-
1888181818888188, 1888188181 881 88181188 8888 8888 188 88188 88
8888818. Vnd 81 1888 188 88888888 8811188 88888888 188 8888888188
188188, 1888818188 88818 88888188 8888 18888 8888 881 1888888888
881 888 8888888 8888888888 nuez 1818188 888 8818 8888188 8188 81
1888881888 18 118888 18111 888888888 881 81811188811188 8188 8888
1888888 8888181188 were, 188 8818811888 818 88118 8888811 18188 888-
1881811181818188 8811 8888888188 8888 8888888 888 8888888 8888888888
nuez noch irem 881881888888, 881 818 mugen 88811888888 888 188
18 118 88888888 nemen, 8888 818 wellen, die sie 1888888888 1888881881
nuez 8888. Vnd were 8881, 188 88888818 18 188 88888888188 88888188
888188881 88881, 118 8811 dise 88888888 88881, 818 811188 8888188, 8ο
88181 8188, 18888 desselben 8181188881, dem 881 188 88888888 88818
8888888 881 1888888 8811888888 8888888188 8888, 818 1888 188 88·

 

