1111. 925

bodo, 1111111 1 provo, aby 111111 111111 1 nich 11111111 11 111 111
1 1111, 1111111111 11111. Ρ11111111ο-11111 1111111, 1111111111, 1111 11111-
11111, 111111 unozeny' neb 111111111,111111111 11 11111 111111 nebo
1111111 1111111 1111111, 11 1111111111, 111111 neb 11 11111 neb 11111
1111111 11111111, 1111111111 neb polemonem, cest 11111111 1111111111,
11111111 11111111( by 1111111, 11111 by to 111111111111111111111 byl,
111 111 1111 1111111111 11111111 111111, 1111111111-11 111 11111111 ko·
1111111, 1 1111111 jobo 1111111 1111111111 11 1111111111. 1111111111
1111111 11111 111111 1 11111111 byl, 1111111 1111 1111 111111111111111
jeho 111 1111111111 11 pergmoystra. Pakli by 11 1111111111, 11 by ten
11111111, 1111111111 111111 111111, 1111111111 nebo 1111, 1111 1111111
111111 1111111111, 11111111,11111 by jobo nebo 1111111 do 111111, 111
1111111111 11111111 111 toliko 111 1111111, 1111111 11111111,111111
1111 nobil, 111 111111111. 111-1111 hylo, 11 by 111, 1111 by 111111 111111
11 111 nebo 1 nooi, 1111, tehdy 11111 jebo povoloti. 111111111111111
1 11111111 111111 111111 11111, tehdy maji jeho 1111111111 1 1111111-
111111 111111 111111 111111 2111111111. Pok-li on 1111111 ku 1111111,
tehdy 11111 eom 11111 zeto 11111111. Ρ111-111111111 11111 11111111 111-
11111111 1111111111, tehdy 111 11 111 1111 1111111 11111 111111 1111111
111 no porgnnaystra 1111111111. 111111 11111111 11111111 11111, 11111111
by 1111111111 111111 1111111, 111111 1111111 111111111111111111111
by 111111111 1111111111 11 by 1111, tehdy 11111111 nom 11111 11111
nomi anob 1111111111 1111111 1111111111, 1111111111 1 1111111 1111111
1111111111 1111111111111 111111 msto, 111111 1111111 penno 111111.
Τ1111 choen, oby 111111 11111 111111 1111111, 1111111, 1111111 1 o 1111
1111, 1111111 11 11111 11111 111111111 111111, 1111111 11111 1111111111
111 broli, 11111 11111 111111 1111111111111 1111111111111111. Α 11 11111
tyto 1111 1111111 11111111 jiny', 111111 1111111 111111 111111, Τ1111
1111111 1111111111] 1111111111 1 1111111111 111111 1111111111111
111111 1 11111111 1111111111, 11111111111111111111111 dobroty 1111
11111 1111111 1111111111 1111111, 1111111111, 11111 1111111111, do 1111-
111111111 1111111111111 1111111111 1111111111 1111111 111 1111 11111111
1111111 111111 1111111111 1111 1111111, 1Μο1111, 11111111, zUher,
1 Frankuov, 1111111111 11Ε1111 11111111 1111111111 nemi 11111
11 1111111111 1111 1111111, 1111111, 11111111 111 1111111111 111111
11111111111111111111111111111111111, romanie, vlaskebo 1111, po·

 

