1153, 11101, k 11111111 ,1111111111151 ,
1101111110111111 1053, 1111111), 11111111
1033, 11111113, 1111111316, 1011111
(11111311, 11111 11111111) 334, 335, 613,
1033, 1143, 1147, 1153, 101111 111·
30111111 33, 101111, 433,11111,433,

- 11111110 743, 744. 431-433,111110
1111111111 331, 01111011 487, 613, 011
1011 1111, 331-335, 01101111 (10
Chebu 433, 011111 11111111 437, pi·
vom-y 433,,11111111011331435, po·
111, 1033, ζο11111 1053, ,10311 431,
,11111110 0111 431, 330, 331, 744,
731, ,11110 11111111 433, ,11110 111111-
sk& 643, 631, 736, 363, ,11110 1111011
433. ,1111111111 431, 433, 743, 11111111,
1110111111 1 111141 433, 1033, 1111·
1111111 1013, 1133,

- 111111111311111313, 616, 1111111111
433, 1111111 11111111 433, 1111111111-
101111, 0111101111 437, 313, 833, 1063,
10111 11111111 433, 10111 11111111 331
mwwwwwmm
11336;11111,1010111333-331,111111
111111111131.

zober, 11111, 1111 13, 65, 76, 313, 471,
§mmmmm

1171111111, 1111111 10111111, 111,Ι Lo·
101111,111111111111 0111111111, 1111110-
rium 0111111111, 1111101111 11111, 11111
11111 Elbogen 333, 348, 313, 436,
437, 533, 738. 1141-1143, 11113, 71111·
1111111333.

z Lokte 01111111, 111111 1111101111 41, 43.

mmmmmmwm

[maner 11111111, 1111111 1111010111,
1100, 11111111, 101111 1111111111
1 11011 1111111 1033.

ε launico 1311313133.

Lomy kumennl, 111111111111111. lapici-
11111. lapicidis, 1111111111, rupturae
11111111111111111111111 138, 676, 8811,
wfflmwm

311111,1η11310.

z lopaiy Mufiik 301, 303.

Lopoty 943.
Losaaeche, 1111111111 1111111111133.

agunky ἶ. 111111, 311111, 11111111, 11111
101011 .

1111011 110. 133.

1114111111, ,11111311 11. 81111110 831.

Mon! 848.

Lar, 1111111111, 10111111 13.

lammam, 1111 1 1301111111 463.

my, ,1111 111, 111, 111, 111-111,
mm

lm

ειέἕπίθξοὴ, ,11111 1111111111 111101·
8 .

[1111111110 11111, 111140 111111, Luna,
1111111 Lunensis, stat 11 1111, 111111,
mmefflmffiQ
Qmmwmwmw
mmmwmmmm
mmmmmmm
mmmmmssmaw
mfflfflfflfflmw‚
mmfflmmmmm
fiwmmmwfflmw
mmmmmmm
mwmwmwmmm
mwmwmamffi
wwQOmmm
wffiwmmmwm
mmmmmm

-11111111030, berne 317, 318, 350»
mmssQOmmw
11111, 11111111 1141, 111 138, 133,
mmmmmfflwss
1013, 1030, 1030, 1040, 1111111111
11111100, 301, 313, 1111111111 313,
11111, 0111111 440, 441, 1111111011, 011111
mmmmm&

-11111111, 11111111 175, 704, 706, 805,
300, 003, 1034, 1140, 1141, 1111111
0111111 335, 11111101 1171, 1173, im-
munita 1011111 333, 334, 1111111 Augu-
1111111111 11. 11111 Magd. neb 11.
1111, na ,1111111111 133, 111111, 111·
bini 337, 300, 311, 415, 416, 533,
11111, 616, 634, 847, 303, 1011111 (pfl-
11311, 1111111111111) 135, 334-336,
mfflmwmmmw
mmmmmmmffi
mfflmffimmm
⁹wmwmmwfflffi
mmmm

- kostel 11111 11. 1111111111 378, 311,
1171, 1173, 11111, 11111111 1 111111
333, 333, 310, 111, 11111111 ,111111-
1111 333, 333, 335, 11111333, 333,
111 Kujem 333, 335, 333, luka 333,
333, 1111 1111111 333-334, 1033,
111111, 333, 333, most 131, 136,
01111011 613, 343, 343, 1083, 0111111
11111 331-333, 847, 848, 011111 11111·
wmmw

— 1111111, 0111111333, 333, 333, 337,
,11111 11111111 448, 533, ,101111 310,
,11111 11111111 336, 111 1111111333,
Μωωωῶωωω
111, 111-111, 111, 111, 1111111
1 11111 603-614, 736, 333, 334, 1009.
1033, ,103111 433, 433, 441, ,11111

73*

 

