XX

111111111, 1 1111 11111111 11111 11111111 se 11111111, 1111111111111 text
11111 11111111 111111111111. 11111111 11 1111111 1111111 1111111 1111111
11111111 111111 11111111 1111111, 1111111111 11 111111111111111111111
1111 1111 1111111, 111 1111111111 1111111111111111111111 11111 1111111111.
11111111] 111111 ,1111111111 1111111111ι 1111111 111111111111111
1111111111( 1111111111 111111 11111111 privilegii, 111 11 naim 1111111
1111111111111. 111 111 111111111111 11111111, 111111111111 11111-
11111111 1111111.

Ι. 111111111111111111111111 1111111111 11 1111111111 1 1111111
1111111111 11111111111111 111111, 1111 arci originffly listin, 11111111
1111 1111111111, 11111 1111111 1111 1111111111. 01111 11111111111111
11111111111111 1111111 11111111111 tuto pojedmivati, 11111111 11
111111 111111 1111111111 11111111 sem 1111111111111111111111 1111 1111
1111111111 1111111111. ¹⁶) Ζ1111111 111111111 11111111 11111 1111111111
1111111111111111111111 111111 1111111 1111111 111111. 1111111111
11111111 1111111111 11 111111 1111 11111111111111 1111 11 11111111-
111111111111 1111111111 1111111111 1111111111 111111, 11111111 tom,
jak 111111 11111111111111 1111111111 111111 1111 11111. Ρ1111111111-
1111111111111111111111111111. 1141, 1111 1111 1111111 privilegii
1111111111111111111111 111111 1111 1111 1111111111, 11111111111111
111111111 11111 111111 11 1111, 11111111 11111111111111111111111111
’ 1111541 111111111111 111111, 11111 1111111111 11111111 1111111
1111111 jak 111111111111, 11111 1111111111111111 1111111111. 11111111
1111111111 k 1111111111 111 1111111111111 1111111111 1111111111, 111111
1111111111 1111111111 1111 1111111 11111111.

111111 1111111 1111111111, 1111111 11111 11 11111111 si 111111 11111
111111111111111111 1111111111 1111111 11 1111111111 1111111111111
11111111. Ρ111111 111111 1111111111 11 11111111111111111111111111111·
11111; 111111111111111 1111111111 11111111 1111111. 1111111111
111 1111111111111111111 archiv 1111111111, 111111 1111111111 1111111111
11111 111111 1111111111 1 1111 11111 1111111111 111111 111111111117)
1111111111 1111 1111111, 11111111111111 archiv ve vidui, archiv 11111·

’118111 1111 1111 „0 1111111111 a 1111111 1111111111α 1 1111111111 111111
,1111111111 1111111 1 11111111 1111111111, 11111111 111. 11 1111.

¹¹) 81111 641, 131, 7381 731.

 

