xvi

243, 286, 334, 333, 311, 333, 313, 333, 113, 691, 333, 669, 761,
746, 767, 776, 333 a 333. z 33 nstin 7 3131133.

13. 11131313 11111 1. 33, 313, 333, 333, 331, 433, 433, 713,
714, 718 3 854. Ζ 11 1131111 jeden orig.

16. Kr81076 11131133 1. 1, 44, 55, 07, 83, 87, 103, 120, 126,
mmmmmffimmmmmffiffi

’ 502, 524, 525, 548, 549, 550, 581, 582, 594, 671, 676, 678, 690,

753 3 854. Ζ3 37 1131111 13 3113111315.

1711111111 Hora 1. 5, 36, 70, 88, 146, 147, 153, 241, 242,
247, 262, 339, 353, 366, 404, 408, 409, 438, 449, 519, 608, 641,
654, 604, 687, 688, 731, 738, 739, 741, 755, 828, 840 3 858. Ze
34113113 11 3113111310.

181111311131133 1. 3,’4, 6, 8, 11, 12, 20, 49, 50, 51, 60, 69,
85,104, 108, 109110, 125, 138, 139, 151, 170, 195, 201, 229,
230, 251, 265, 271, 275, 276, 282, 304, 300, 315, 322, 329, 330,
331, 352, 358, 367, 376, 454, 477, 503, 517, 534, 539, 559, 571,
593, 595, 609, 619, 035, 642, 666, 696, 697, 701, 702, 730. 777.
787, 797 3 831. Mezi 67 1131133311 30 311ςί113111.

19. 13113133, 201, 222, 295, 332, 337, 357, 424, 583, 622,
807, 851 3 853. Ze 13113113 10 3113111315.

2011311113 5. 63, 101, 121, 134, 135, 164, 183, 189, 191,
197, 201, 210, 223, 233, 240, 278, 292, 300, 304, 318, 320, 355,
360, 398, 417, 422, 424, 429, 478, 504, 518, 529, 534, 535, 539,
540, 551, 575, 629, 030. 657, 099, 701, 700, 707, 722, 723, 729,
778, 784, 788, 794, 798, 819, 822, 850 3 869. Z 571131132131131113111.

21. 1113111111 1. 22, 43, 113128, 201, 268, 274, 299, 321, 322,
329, 330, 331, 398, 401. 406, 425, 479, 510, 569, 576, 586, 631,
814, 834, 845, 854, 8503875. Ζ 29113111] 9 3113111310.

221113113113133131 3. 06, 169, 196, 643 (311. 1187) 3 872.
1153311 3311131111 1 orig. 3331131433.

23. Most 1. 8, 21, 52, 59, 98, 116, 117, 142172, 193, 201,
215, 227, 237, 261, 327, 375, 391, 394, 398, 399, 422, 428, 429,
431, 435, 445, 446, 452, 480, 505, 518, 529, 533, 534, 536, 939,
541, 551, 605, 625, 679, 701, 722, 723, 740, 745, 779, 781, 794,
819, 833, 841, 843, 844, 846, 847, 864 3 865. Ζ 59 1131111 30 ori-
31111111.

 

