1111. 81

111111111111111111111111 1111111111 1 11111111 1111111, 11111 1111
11111111 nob 11111111111 1 111111111111 1111111111, 11111111 by,
11111111 (1111111111 1111111 111111. [67]. Item, 11111111 by 1111111111
11111 11111,*) 11111111 11111 11111 111111 1111111, 1 1 11111 1111111 1111111
111111 11111 11111111, 111111 1111111111111111 1111111111 11111 11111-
1111111 1111, a 111111 1111111111 111 111111 1111 11111. [68]. Τ111,
111111 1111111111, 111111 1111111111 11111 1111111111 11 1111111111 od 11111·
111. [69].1111111111111111111111111, 11)] 11111111 111111111111111111
1111111111 111 1111111111111 1111111 1111111111. [70]. Item, 1111
11] 1111111 111111 1111111 1 111111 rudu, 1111111111 11111 111111 1111111
111 ,11111 1111111111111111111 111; 1111111111 1 111111 1 1111111111
1111111111111 1 1 11111, 1111 1111111111, 111 111111111111111111,
11111111 1111 111 111] 1 1111 11111 niem apo 1111 111111 111111111
1111111. [11]. 111111111 11111111 111) 1111111, 11111111] 1111111111,
1111111111111111111, 1 1111111 11111 1111111 111 1111111111 by‘ti, aby
11, 111111 11111 1111 delati, vbdbli3 1 11111111 by to 1111111111, 11
, 11111111 (111111 1111 11 111111111 by'ti. 1111111111111111111111,
11111111 111111 za 11111 11111 111111 1111111111111111111111111,
11111111 [11111] 1111111 horu ve 1111111, 1 11111 neb 1111111 1111)
11111111111111111[11]11111. [12]·’1 11111111 1111111 11111111 1111111 ,
1111, 11 111111 111111 1111 111111111111111111111111111111111111ς
111 11111111 11111111 1111111111 1111111. [13]. 11111111 111111111111
111111 1111111111 111111 11 11 1111111, 111111111111111111111,
11111111111111111 111111111111 11111 111111 by, chod 11111111]
11111111 111111 1111111. [14].11 11111111 by 111 1 111111 11111 tam 111111,
111111 1111 1111111111111 1111111 1 111, 11111111 111 (1111111 111
111111 1111 [1]11111 by 11 1111111111, 1111111 11 (111 111111, 11111111,
bez 1111111] 1111111111 1111111111 [1]1111111111111111111111111111
111111. [11]. Τ11 11111111 111111111111 11111 1111111111 11111111. [16].
111111111111 11111 11 1111111111 sede, a 1111111111 doby‘ti 11111111
1111111111111 muoz 11111111 sebe, 1111111111 111111, 11111111 11111
111111 11111 111 11111111. [11]. 1111111111 111111 1111111111111,
1111111111111,111 11111111 11111111, 1111111 1111 1111111] 111111 1]-
1111111111. [18]. Κ11111111111 1111 11111 111111 1111111111 byla by

κῇ...-

*1 Po 111111 1111111 XVI 11111111 ,0 11111111 u sv. 11111 11111111 1111111111.1
6

 

