¹4¹⁰· 1111

1100010 1101000, 0100 mssi 01010 11101 001010 00 01001 01000 11101010·
10000, 01000000 1101000 01000111011111 001010 101100 0 jmieny3 1011
,010 111101 10000010 1100111011 001101101000 10011 0011100000 0 0100010-
1οο0 001010 Βο1110010 01 00100000110 0100 001010 0110101001, 1001·1
,1000 0000101 0000101011, 0 10101 00111, 10101 01001010 0110, 01
11100010 1100000 1011 01010100 001010 111100. 1100111 0001 1010
’01000 10101101 01001 0110100 1010, 10110 0010000000 001110οό00
0 0100010110 101000, 01000000 0 01010000 00111110101010111110000010
, 110011 1011 1010111 1011 00001100101101000 1101000 0101 moe 100101
0111000100 01000 1 10111000 0011111, 010100, 00001100, 0000001100,
10011000οό0, 1101011100 1 110000 01000 0100000 0001100000 10110001οἰ0
001010 1001110, 0001011ιο 1101010100, 00001 0011001, 010 000101
10100001 0011100000 0 01000101000 001010 001010 Βο1110001110, 110-
01110 00010 01 0001 potum 010110100110010011011, 00000 000-
0000010 001101 0011001001 0 0110000101 01111000 01010000 0001011101,
001 010111011 100011011100111111, 010 00110 jim 1010 00000001 1011
0 01010101 je 0100100011 001 0000001000 10100 001010 1111110.
1001 1001 110 001 001100 1011000100 majestatem. 1110 0 100001110
01 000000οἰ0 00001011010 11011010 11010111010011110,10010010110
00101000 100000, 10111011000101001101 1001110 110111011110 0000110
0 1110001110 1111011110 11001110.

(1001010010 0101101 0 XV 0101011 01001 00 0 0011001001110 000000,0’100
10010 0101101 0 00100100 10110000 11111000 810010001110 1. 111 00 010. 108 za
0101000οε ,10010 0001001111οε1 00 0110100 00111000, 011000, οΜ1110 0010-
manv, 001010 0010000000, 00 01010000, ,01000100 0 0101111 1000010110.“

10. 000
11111, 28 100000. V Praze.

Kra'l Vddav IV 1101000101 11001001 11011001, 0111000 Μο1001000-
0111000, 010 00011110101001010 Pisku 000101 10111000 1100011000 110-
1000001 0 0110 11110110.

11οο0001000 101 gracia Romanorum rex semper augustus 01
Boomie rex. Notum facimus tenore presencium 001000οἰ0, quod 0000

 

