1⁴07· 1011

0111- 1’00100. 110 se: ¹) 01) magistri ciuium. — 1101000 11010 0 0100·
10000 0 0100 00000111 001010 0101 0000010 0001 1101100010οἰ 0 Ρ10001001
0 0110100 01001000, 00101 16110000 1409 01010 00 0 1110 011011100ῑί 0001 0000011
0 0001000 10110 1101000011, 0 11001 00111110010 list: ,110100001010 1001011 011-
00101, 0001111 1 010010 0100 01010 1100001110 00000010011000101101000 010001 01100,
1101 jej 00110 0001 1110 0001011010 00100010000111101010101010 00100, 0000 1101000,
111001110 10110 0110 000000111010 1110 0 (1001110 10110, 0100001010 0000110011-
01111010, 0111101010 0111111000 000001 0 (1010000101 00 01000101 11010110110011
0 0110000010, 000100110 10011101001110, 110010 0110010010, 000100110 Η101001110,
1000 0 Το0110010, 000100110 Ηο01001110 0 1000010011000, 0000100110 10101-
01110, 0 010010 0101, 110011 001 0001 0001 000101 0100000 000110110001001
0 10011 010000 00111, 0 00111101 ο 0110100, 0 (1011 0000 001 (1010101011 11000 10
010000, 001 1011 0100000001 00001000οη1 (00010101 00000111110001111, 110011
0000011 0 00010010 01000 01 01000 10110 0110110 11010000 011010100001010, 110111
maji 0 301110010 1010010 0001101100001110 10010 0011, 10110 01100001011
100001010, 010 1011 0 1110110101 00001 0 01001 0011011000 000 Ρ10001( 01010
0 0110101010010. Τ11 11001101 1000001010 0 1000101ἰο 10 10010 0001 10 Ηοο0
jfti maji, 0101100011000101010 000010000οό 00110101110010. 10111100 011000001-
1011 1000010100101100010 10 Ρο010 nebo do Ρ100001110 10010 jeli jinudy‚ 00111
00 10101000 0 00 Ρ10001, 0001 0 1000101ὶο 10 Ρο010 neb do 1100011110 0011010010,
00111 00 Ρ10001 01010 11100 00001, 10110 01010 010 010110 01001111 0 00000111
10 1011000 1000000 0000 0 101001 00 01010 1001000001, 110001 0 0101 000101
mimo 00100, maji 00010111. 11000 1101111011 000010010 001011 0 Ρ10010 10

Βο1100οἰ0 0 11011011, ti 0100011 00 11011000 0 0110101010010. 1011110 110010
10110101100111000100111, 10110 1000001010, 110001101011 00 0011001 1010, 0001.
0111 001 00 1011000 011001 00000 0 1010001 00101100011; 10110 1010101001
00001010, 10 10 000 0011101 0010 00 11011000 10110οω0111, 10110 000111 00010111
0 Ρ10010 (10 1101110010 0001 οΒ01100010 10 Ρ10010, 011001101110110, 0001100101
100 11010 10101 0001, 01100 0001001100 0000001 proti 1011000100 011101 01001

1011, jim jich 010 10110 01010101. 111000 0101101100111011110001000001010
1000110000, 0 1100001 10 (10 Ρο010 001) (10 110001011 00111, 000001111110010 00111
00 110001, 101 ,10101 1101001 1100111 01 01000110001001010001000 1 1011000 00·
1000001 0011110. ’1011 111 1011000111 (10101000011111000100110000010-
0001010 010 00100111, 001 0 000001 01010010 0 010001 (1000011001, 101001 00101110
0 0 0011010001 0101 0010011001). Λ001101100010101100000111001000 01101·
1000 01010 100100000001, 0100 00111 (10011 00 0000100101 0100011101001, 00011111
0 010 0 01101 00100. Α 10 010010 00010010 000010ιο0001 0000101010, 1001010
0110001οί, 0001111 1010010 0100 001010 1100001110 011100000101111001110101
010 100 00010οο 0100 0001010100 101001, 00011110 1001000 110 11010 (0001000001
00011001 10011, 0100100 00000111 101 stc* 100 0001ὑο 10 1001000 1000000 0101
011 100 0001000 0011100000( 1011000100 0100 0000100000110, 0 10 0001000
0100100 010111 1011001 0110011 1 0001100010 10110000100000101001111, 10101

 

