270 1111.

11110111 1 11111111 1111111110 1111101111Ιί1111111 1111111111 11111111
1 1111111011 11111 1111111 mest& 1111111111 11111111, 111111111111111,
1111011111 Bavorskemu² zeti 1111111111 11111111111111111, 1111111110 11111111
jsme 1111111111 11111111, 11111 1111111 1111111101 11111111 0111111111 :
11111111111111111111011. 11110111 11111 1111111101 spnsobujtoe 11111 i
1 1101111111 rozmyslem 1111111111 1 11111111 moe 1111111111 1111101111 1
10111111111111111111011111111, pem& 1111111111, 1011111111] 11111111
11111111 1111111 1111111111 [11111111ηέ111 1111111 pod 1111101111 111111
11011 11111111 neb tytulo 1 1111 plata, 1111 11111111 mm 11111 do 11011111 ³
11111111011111111111111111 0111111111 1111111 hyl, 1111111 11111111 Ι
1111111111 1111101111, ani jim 1111011 0111111011 nob 10111111 11111 ’
1111111111 jaky‘mkoliv. ,11111111 by 1111111111 1111111110 hylo, 1111111111
1111111111111 1111111101 k (1111111 1111111111 111111 [1111111111. 11111
11111111, ustanovujeme 1 rozkazujeme, 1 10 11111111 111111111111111
1111111111111 (1111110 hylo, 1011110, 1111 11111111111111 mezi sebon 111
sami 1 sebe 10111111 111111 1 11101111 1111111110 1111111 1101111110, 11111
mu& by 1111111 111011111111111110111111, 11111111 101111011111111 111111
111101, 11111111 by 111 ten 111 hyl, plat (11111, 1111111110 0111111111.
11111111 ke 111011 1111111111 1 111111 1111111 01111111 placen byl. 1111111011
111 k 1111011111 11111111111111111111, 11111111 11111111111111111111
[1111111111 111111 111101111111, 1011111111] 11111111111 1111111111, 1111-
11111 jsme 01111111, 111111111111, 111111111111111111111111111111111111
1111111111111111 k 11111111 1111111111 ake 1110111 1111111 11 1111111111
1111111111111111111111110111, 111111 1111110111111111111 11111111. 111
1111111111 1111 list. 111110 jsme 11111111 1011111111 1111111111111111111
1101111111. 111111 1 1111111111 111111111111111111111110111111111101111111
in vigilia Mariae Magdalenae.

ὂ111111 1111111111 11 XVI 1111111 1 1111111 privilegii z r. 11117 11111111
1110111111 1 11111111 1111111 1111111111, 1111111111111 „Druhy 111111 11111 1111111111
1 10111 1111111111 1111111111.ιι 11111111 11111011 po r. 1141 1111111101 „Nemc-
Emler, Regesta 111. 1. 1111. -11110111 1111111111, 11111111 1111111111, deors ffl
11111, 11111111111 11111011 1. 1331 1011111111 11 11110 111 byly 1111111111, affl
jich 11111111 1111101111 111111111111111 1 1111111111 1111111111 (11111110 11111, 1111
1111111 1111111111111111111111 11111 mmm-331, 111111111101111111111 ,1111 und! -
gnediger 11111, der hochgepom 1111111, her 1111111111, 11111103 in Pairn und 1111111111·
1111111 111111, uns 1111 1111111111 11 ’11111111111111311111 gemebat, 1111111111
1111111111111111111111111111111111, 11111111111111111111, 1111111111 1111111111 111111, 11 Ι

 

