Dobytka 19111111 1 Uber 1 11119111 9191
pamas 1. Panem 1191111111, 91111111.

119911171111111111711, die 917999991911197,
v. Pojezdni 1111111.

1111119111, 1191191111, 0991111111, 1)(11111,

1111111111 1119111111 11191911111911111 991,
ff, 5Ξ191 1119119111 1191111911 11911911

de Doleo 11111111, 11911111 11919911911111
9931 1111111199, 11911111 Κ9111911911111

mm

Doly, fovee, 11111919 96, 99, 71, 99, 9611
111191191111111119111119 199, 196, 916,
939, 999, 9991 1 1111119 11919 199,
196, 919, 919, 1191, 11991 1119119119
70, 11111119 11 81111111 910, 911. 1111
11911 1111111111.

Dmffl’s 11911111111111119111111111, 11191-
11 .

1111111αέ1111,191190991911119,119111111111,
0991111111. Tasta, 11111, Τ111111,Τ911-
111, Tuast, 1111111, 1111111 Τ1111111111,
’1101111111 111 11111. 1111 1111111111
ηωωωωωωωο
ai 979, 211-918. 331-333, 335, 398,
mmwfflfflwwm
900-909, 999, 996, 918. 5711990 111
9119, 611. 619, 631, 691, 657, 666.
mmmmmwmfflm
701, 709, 819, 818, 861-803. 801,
971, 1091, 10991 1119111 119111111ἰὸ99
mmwwwwmw
119 999, 399. 191, 6311 1119111991 1119111
9311 11111111 11991111 7911 6111111910
111191111111 9091 1111111 977, 979,
9191 1111111119 197, 1991 11111111· 111911-
1111 77111 11111191 977, 969, 7911 im·
1111111119 1111111111 197, 1311 1111111111 9771
1111111111 1119111· 191 11111919 391, 6791
1111111911 91111111 7911 1111111119 (1111119111)
mmmmmmmmn
611, 691, 739, 769, 916, 10991 1191111
111111 11. ,11111191 19. 977. 9711 1191111
Ρ. 1111119191 1191911369, 9911 11111111
1111199 977,9711,1091; 11111111 11111999
10911 11111111 9911 1111 111111. 1311 1119-
immmmfflmmm
nnmmffimmffl,
wzwammmmffffl
wfflmQmemm
11111· 1111111111 6111 191111119111911 od
19111111 9011 99111911 991, 736, 719,
7901 9911911 nd! 991, 999, 9111
9911111 11911911 99119119 1971 1111111
11911111· 9791 1111111 10911 111111
11911111 7911 11111 1111111, 1111111111
369, 991, 9691 111111 1991911111 1119111

lm

339, 999, 990, 111111 191191191111111

9191 1911919911 991-3931 19111111

6111 1111191111 (19911111 19911 119191·

361, 999, 790, 7911 119111119119111

1991 111919 1191119119 991, 697, 066,

697, 111919 1119111119 197, 906, 111919

11111919 969, 111919 patronam 977,

mmmmmmffim

11111190 399, 1911 1111119111909, 301,
7911111111111111961, 10991 1111111911-
1119 993, 9611 111119 0119111119 90611
2Qmmfflwmmmmmu
mmfflmwssmm
8691 11191911111 1119119119 970, 999,
969· 1911111111 9691 11111111 10911
11111111 91111111 3691 11111119 11191119
mmmmmmfflm
11111 3911 1111911 19911 9991 1111111
11111111 6791 191111 1111191111 191, 191111
111111111- 131, 191111 1119111111 196, 107,
906, 391-399, 197, 1311 11119111 1111-
111111 977, 979, 1111911919 neb 11111111
11191111 970, 991, 3991 111111 91111111
3991 11111111 11191111 11111911191119
1919111196197, 399, 3931 1111119119-
191111199, 199, 1991 11111119 0119111119
906-9091 9111191 11. 0111111 11111119-
119111 976-979, 995, 9961 1161111111
dfflmfflmmmma
9991 11111111 7901 1119111 199111 117,
mmmmmmw3
1111111 1111111911 969, 976, 3091 19111111
mmmmfflmfflffl,
071.

0911111119 1111111. 1111111111 Τ11111 907,
2mmemmmm
9011 1191111191 907-909, 971, 339,
mffimwafflwffl
769. 961-9631 1101111011119091 111111
1111111111 863.

1 1911116161 1911, Ρ1111, 1111199191
mwmmmwa
1010, 1099, 1031, 1039.

1)(111111111111 0119111119 v. 01106071.

1111111111, 1111111111 0111911111 6091 9111111111
81111111111111111ἶι 6091 1 1116919111, 119191
19191111 9311 ’1111111111 1Η11111111, 111911.
1111919116 1100.

0911111166, 1111111 Ρ111111119111 1. 11911
091119111111.

19911111,119111111111111, 1111 119, 916.

1191111111ίεὶ1, 9111111110 11.

Domy 1111111111 130, 131, 1133, 1191 119
11961 11111999 99, 119, 1391 1119119,
domus 11111111 697, 6391 11101111, 119-
mus 111111 censibus 910. 71101111.

1111199119υῆ Τ111119191111 901, 903.
’10

 

