80 1111.

1111111111 111111101111111111 1 1111111 1111, 1111111 jim 11 111111
1110111 1 111111111111111111111111111. [60]. Imm, 111011 11110111 1
1111111 1111111 1111 pro 1111, 1 1111111111011111111111 11111 1111

11111 11 111111 111, 1111110111 111 11110111111111111111101110111
1111. 1111111111 11111 10 1111111 1111111111111111111111 111
101011 11111111 111, 111111 101111 11 1111111111 101111 [61]. 1111
1111101111 11111, 111 11 111 1011111111, 1111111111 k 111111 11111
1111111011111111111011111111111111011110111 11 111011 1111110111
Α 1110 jest 1011, 11111111111111111111111111111 111111101111111
1111, 11101 1111111101, 11101 111111 Η1111111Β1111110, 111011111
111111 111111, 11101 Ρ11111101, 11111 111 1111111101, 1101 1111110
lanu Amoltuov, 111101 11111 1111, 111011011111Β111110, 10111111
1111111111 1111110, 1111101111101 Η111101 111110111111,11101
1111111101 1111111111, 1 11101 Βο111101 111111,(11011101111011,10
11111101 1111111111 1101111111, 1 1101011 0111111011 1111110111
1111111011, 1 10111 111 1 111 Η110101[110],11110111111111101
v 1111111111. 1111111110111111111 k 1111111 111111 1111111111
11 11101 1111111 1 v 111111 101111011111 01111111 1111111 1111
1111111111. [62]. Item, 11111111111011111 1111101111 1111 11010111
1 1110111 10111111 1 1101 je podrobil, 1111111 111 111 1111111111
11010111111111111111111111 11110 1 111111 111 11 11111111, 11111111
1111111 1111 11 1111 11111111, 11 10111111, 111111111111111111101,
0111110111, 1111111111 [1] 1111111101, 11010111111101111110 11011,
1110111 kdyby 10 1011111 k 111111 011011 1111101111,11111 11111111·
11111 1111111111 1111 101101 11111111 11 111111 1 111111 1111111 11
11110111111611. Item, 11111111 11 1110 111111110110111111111111
1111101 10 11011111, 11 10 1111 1110110111 110111 111, 1010 111 po·
10110111 prava a 11111111111101110 111110 010111 1111111111 11·
Semi 1111111 11101111. A 111111111101111 101 11111111 1111 1101111111
1 111111 1111111 111 1111111 111, 1111010111111 1111111111111
0101111 1111011 11111111 11111 111111. [65]. Ι1111,“ 1111110, 11111111
111111 1111111111 k 1110111111 11011111 [1111111 11 11111111 1111 111,
1111011110 1 1010110111 1 1111111 10111110 1111011111111111, 111
11111 111101 1111111111 111, 11 1111 duffii 111011 111111111011.[11
11111, 1101101111 11111 1111 01111111 1111111 11111111, 1111111111
111111111111 1111 11111, 1111 1011111 1111111111 111 1101111111

 

