1196

Βο10010011, Β111ἕ613011 villa, 70611100 10·
00111110. Κο 000 610, 630, 766.

Βο100001100, Borgundie 187.

Bur-charel, 01001011 11 10011101 Zatecky
07, 08, 0010001000, Βο111010 0. Pur-
110110 1000010, 3011100.

2 Βο00010 Κ111111 310101, 0011101000
0011000000110, 0100001 0000000010,
11000101 00010110 861, 890, 900, 930,
mmmmmmm
mwwmmmwm
mmm.

1301010, 0001 111101Ρο01010011011000170.
-31810000, farai 10. 1100010110 170,180,

z Buikovic, Busseowicz, 00111110, 106-
010οἰ0 10. 1111000110 403, 1111010, 00001
11010 1010011000 303.

Balleia Ζο00100, 01100100 01. Η10000
000 1000010 680.

8001001, mansio, 1001111110 1100010373,
0100111100 00 100010 163, 160.

1100111ιέ, domicilium, 1000010, 1001000010
163, 100, 331, 319, 333, 433, 844,
9wmm

iiiiiiiiiiii-{21:11³
wafflmmffld
1161, 1163, 00100 00010001 168, 010-
0000000001 1087, 000000010001010
1100, 11101001 010010 168, 169, 1100-
1010 (01100101) 169, 1087, 1106, 1100101
10101 168, kraj 168, 111-0100 masne
0 01110000 143, 1110010143, 01001000
168, 1086, 1163, 1163, Μ1001110 168,
0011010 (0100) 1087, 1106, priva 0
000000 1161, 01000 0001000 1086,
113⁰ 00111111101111
100011, 0100 0 0100 1106, 1001110100-
01000, 1011010110 1087, 1106, 10011101-
mwmwwwffl3
statky 0000001 1086, 0161100001 00
100010 1087, 01110 000001 0. 0011010,
1010100101010143, 144, 1087.

101001131100... 0 0.,-
011000, 1000111 m. 01100140, 341,
Heri 011101 0101111033.

11003000, Β10111101, 11100101 903.
1101100, 000 Byssycz 746.
1101100100 0.

00010011100000101100, 1101010011110000-
0101, 1110100101, 466, 466, 468, 700-711,
040, 1113, 1110-1117.

00100, Ache, 696.

00100, 001011, misto 0 0100000011

001100, 000 a 1011. 0 10100010
0 0014000 1. 110111.

00010 Ζο10100, 1111101011 1001011
0110001044, 1060.

00010100, 1100001 m. 30100001

(May, 1097, 1038.

de 0010110040 Β, mgistrator 00
1100001410, 611.

00001000 01. 11 Florentio 169, 171

0 0000100 000100, 00111000 011111 01
0101 00100100010110 0310001000

0011010100, 0011011001· Martia, 01100
1001100, 679.

0000010110, magistri 0111110010, 011
1101110010101, 301, 302, 476.

0000001110 0104001110 0. 31111000.

000110 1000101010, congregacioni
0000010000, 111010τηί11100, 00011
0010011 0100001100, 1000000,
10, 1000110, 0010011111ωο 160
awwmwmm
1000011100 010, 011.

0001101, 00101, 0101111. 1110100οώ11
01010100, 1010011111, tribum-ii, 0
10001001, 36, 40, 48, 8380101
Μωωωωωω
mmmmmmm
0 01110011 608.

00100100, 1011011000 0101111 0οἶ
111111. 0011000101 0 11111110 S
000103101010110, 226, 1011,
001111 kral. 1137, 0011000161

0000 100001, 010001, summa 00000
0110110, 106, 1100011, 1010111001
000 01000 468.

0001001, 00010011100, 116, 117.

0 0001100110 Βο000011 100. 0110110

0001 0000000001, viarum emendm'
mmm

00110 10001000οά, via 1001000 218.

0001000001οΗ 033.

00010 00000001, 0110001 0. 61101

00010 0 0001001 1011100011οι7.

016010,οο 0, 311.

01101100 010001, furnus laterum, 11
hmwm

010, 010100, stagnum, 01100010, 114,
433, 484, 480, 487, 101110οη0, 111
11000001 196.

0111001000, 10001111 1111100010 106

0100ῗὲ019 411011010, 0010101001 Romi

0101010000 0. 00011, 31000, 0011001
my, 30100101.

 

