1102 ¹4⁰⁹·

0010000000101000 100010 (1001000 0 19101000 11010 22). S 0011000110
000110000οο 0100100 000011 1001000100. - 1110000101010001011100100011011ιτ. 1111
101001001110100000 0011001 110001οο1 οΚ0100001 „sumu berni 1101000101
0011101001 0000001011 1011101010 100 kop gr. do 1101001 vuole“ 0 list 10010101-
100011 00010 0 011000000101101001 obce 1110100010 011001 0100 0001000οί 10010
r. 1454 Burian 0 (1010110100 (Archiv (1001111 str. 400).

* 00. 000.
1401123 000000. 1101000100.

11001 100100 IV 1111100010 01001 01000101 10010 110011μή01010οΡνο

0110101010, uby 11111 000 00011000 110100 0111101011, by 1000111 sku-

0001010010000 0110101100 Ρ1001 0 00000011 00000101 a 00οὸ10010101
0110100011.

1110100 011011 01110011 1110011 kral 0111011 1000οο11101 1110
0 0001110011. 0111000οι00 Ζο101001,01011)101000 Ρτο1010010, 10001,
0 0100000100 0 0110100010 1101111010)νί 0 Ηο0100, 0100010 101010
0001010 1000 101000110110001000, 000010 00101 0110001100, 011101-
0110, 0 01000010 1100110110νί 0 1100010110, 100001 0 Hradco 00
00010] 0011011101110101111010] 01111110 00101111οι0 1 11010] 0000
1111001,11010101101101000, 10110 nebo 00010001 byli by οΒ0011100110
0110010001110 11011 00110101 000110 011011 0 00001000 lidi 000 01011010.
110111 by list 10010 110001, 0010110 000101 0011101, 0110010001101100·
0100 0000010 110100 0010001οι0. (11110001 10000, 00110101 0 00101
101111 1001 000ιο 01100001 10100100 0 000 0100100100 0 1010000010·
01010000 1000001010 0 0010001000, 0101010 lidi a [10110000 00011000
1011111011 0 0 00010011 1 0001001001 0011011 0111000101 0100001100
001011 1001110011, aby 101101, 11000101 by 1011 01000011, 0100001010
101110110110 0110100011 0001101 00000100101011 001000110101110101011-
0010011001000100001ιο 0010110011 0011. 10011110 by 001 11011 proti
1010 0010000011 0011 0110100 0000100100 0 0000 0000101011 0 11011010·
00010100 0 10000011 001101 1001111, 110 0010 1000100110 0 0110010110
100010 11010, 0010101 0011ιο 001110100101011110 01000 moe (1011, 010
101000 lidi 00 010111 1 10000101ιο jich 00010 00001 110110110111·
00011011, 0 0100010000 od [01011110 0011011 00 101110 (1001011, 01011

 

