478 1111.

willon 111 durchluchtigon Annan, Romischen kuniginnen 11 11111
111111 11111111 111 111111 111 11111111111Β11111,1111111111111
1111111 1111111111, 111 1111111111111 herren 111 11111111 insaluber
11111, 111 hernach geschriben 11111 011 111 ersten, 111 11111 11111,
1111111111 111 1111111111, 111 1111111111 in gewesen sein, 111111
11 1111111 11111111 11111111 1111 1111111 werden sallon, 1111111111
11111, 1111111 vnd arbeit 111111 1111111111111111 111 1111111111-
1111 gnte 111111 111 1111111 1111111. Auch wellen wir, 111 111111
11111111 111111 haben 1111 11111 11 1111111 mazze, 111 1111111111
1111111 111111 11111111 111 1111111111 111 111111111111,1111111111
11 111, suren 111 11 111111111 111111 111111 111111, 11 11111 11111-
11111 11111111 111 11111 111 11111111 wider 111 varen, 11 mugen
sie der dreyer 1111111 11111 111 111111 111111111111111111111111111
11111 11 111111111111111111111, 11111111 111111 111111 11111, 11111
111 11111111 11111 111111, 11111 wir 111111, 1111111 11 1111111111·
1111111111 11111 1111111, 11 111111 111111 111111 1111111 1111111
1111 11111111 11111 wider gen 1111111111, 11 11111 111 1111111
1111111 1111111. 11111 111111 111 111 Melnik 1111111111 1111111111
1111 nider varen, 11 sey 11111 111 ersten von 111 11111111 111
1111111111 1111111111 111111 11111111111111111111111111111111
11 111111 vnd muegen 111 111 1111111111 burget von 1111111111
111 1111 111111 1111111111, 111 1111111111 111 recht 111 11111 111111
111, 111 1111111111 von 1111111111 1111111111111 111111 1111111-
111 111111 1111 begerung der von Μ11111 111 111111 1111111111
1111111111111111111 oder des 11111111 tages, 1111111 111 varen
111 1111 11111; 11111 11 1111 111111111111111111111111111,111
111111 111 1111111111 11111111111111111, 111 1111111 1111111111·
111 1111 111 11 111 11111 111111 111 1111111111 11111111 111111
111 Μ111111 11111 111 1111111 1111111111 111) 111111111111111111
1111 1111 111 vngeuelle 111 1111111 1111 1111 111 1111 1111111111 111
11111111 111111, 11 111111 11 111 111 1111111111 (1111111111 11111
111111 1111 11111111, 11 1111 11111 1111 11111111 1111111111111
1111 11111 11 111111, 111 111 11111111 111 111111111111,111
111 111 11111111 1111111111111 1111 111111 odor 1111 1111 1111111
1111111111 1111111311 1111 11 111 11111 11111111, 111 111 11111111·

1111111111, 111 11111111111111111, nicht 11111111 11 1111111111,

 

