¹³2⁶· 111

11111111 11 11111111111111111111111111111, 1111111111111111-
÷rozvsiivse‚ 11 11111111111111111111 11111111 1111111 111111 1111
111111111111111111111111 1 1111111, 1 111111111111111, 111111,
11111 111111, 1111111111111111111111111 11111 111111111, jim 111]-
eme 1 11111111, sby oni 11111111, 1111111111111111 jich 111111
11111111 811111 11111111 1 1111111111 11111111, 1111111111 1 111
111 1111111111, [11111111 11111111 11111111 11111 11111111 111-
,11111111111111111111 1111111111 po 11111 1111 1111111111,
11, aby 1111111111 111111, 111111, 111111, 1111111, 111111111111
111 1111 si 111111111111111111111111111 1 1111111111 11111
11111111111111111111111111111111111111111111111111111111111111
1111111 111111111. 11111 11111 111 jim 111111 1 1111111111
111 8111111111 111111111111 11111, 1111111, 11111111 1 1111111 11111-
11111111111 1111[[111]111111111111, 1111111111111 [1] 111111111111
1 11111 111111, 1111111 1111 1 11111 1111111111, 1111111111-
hjich 1111111, 11111111, 1111111111 1 111111111 11111111111
111111[11]1111111 [1] 11111111 11111111 shy 11 11111111. Τ111
1111111111 11111 1111 11111 peisti 111111111111111. Dan vPrazo
1111111 1111111111 11111 111111111111111111111111111 1111111111
[11.

1111111111111111111111111111111 11 XVI 1111111 11111111 m. 811111.-
1111111111 privilegii m. 81111111111 Ferdinands I d. 1111111Ρ11111111241111
“ 11111111 11111111111811111111 1111111 111111 ,11111 1111111111, 111 11111 priv,
11111111 piedeile 11111111,1111111 1111111 1111111. Datum vPraze XII kalendas
ilis 11111 1321.“ 1111111111 privilegii Suiicky'eh eisaie Fordinands lII d. 11
11111111 1117 1111 1111111 11111 ,1111111Ρ1·111 12 111 1111111 Aprilis
11321.“ - Ρ1111111 1111 1111. 1321 1111111111111111111111111111112
11 1325 111111 1111 Prshy, 111 11 13 1111111 11111, 2111111111111111111
·1neiksl 1111111111 12 1111111 11 1 111111 1321 1111111 1Ρ1111, 1111
11111111111111111 ,111111 XII kalendas Aprilis¹⁴ t. j. 21 111111 11 11111
1324 111 111. 1321 111111, 11111111 pii 1111111111111111111111.-1111111,
111 111. 1. 10611- Gabriel, Κ11111111 111111 511111 111. 49 111111111111
1511111 111. 1322 11111111 1111111 1 [1111111111 1111111 1111111111 1111111
1111111111 1111111 1111111111 1111111111 „Anno 1111111 1ΙΟΟΟΧΧΠ Iohannes
11 Β11111111 [11] Ρ1111111 rex [11] comes Lucemburgensis, filius Henrici,
111111 Romanorum potentissimi, 1111 civitatem muro fecit circumdari, ejus
{fici regiminis 11 suorum progenitorum 111111111111111111.“

14*

 

