1034 1400.

11011 [13 101110] 1010111010101Κο110 dem Abte 110011010101, 1011 1111001111·
111101010010 111Κ1110010010, 1011 101018111101 Pieek, Vodhen, eruntne
11111010010,1101101111 und 1100001 0100 001Ηο10001100101 100 Β111101001810111
11001010 1100110101,11 0011011 [1110100110 0001 auch 0001111100 zn sein·

010. 800.

1100, 10 00110100. 110 00011100.

Krdl 1110100 I V 11111 001001 permistae, 101100110ὸοί 110010 Kame,

10 00111000 0 0001101010, latere 1101 0 0001, molum 0000011111 00011 10111

10000011 010000100100111, jakob i 0 nich por't'zem' 1110111 po 100 eima

i na 0101101110 0001011. Kdyby 0011010000000111001 meoli 0 dedice

nezanechali‚ spadnou 11011 00000100 10011 na 001011111011001100 1001·
010010 1100010110 redu.

- Wir Wenezlnn 101 00110 010101 0011100001 kunig 1011101
ezeiten meren 1001010οε 1111111001111000111 bekennen 111111
11111 0110110100 1111110011 brine allen 101, 11011 00001 0111οο101
10001, 100 wir 010000001 00001 111010 111 00110110 11101, 010111
101 0110011010101, 1010 111 011001 0010111010001 11001 0101 1111
00101, 11001011001 00110101, 0111111 110101101110001 111 1111110-
1010001 00101 00001, 1001010001 101 111 111000101001101 111 mugen
11 0111111001 0101101, 111 10111010οθ1 1101100011ογ gebrechen, donite
010 010001 01001010001 0001011 0011, 111 0000101, 110 010 0011101
111 0110001001 00001, 111 00001 11 1010110 1111010010001011 mute
011011 1010 111 101 rechten 11001 110001 11000 0001111010 01010
00101 111 tun in die in 01011 1101 011100 111 0111000001 1100010
111 Βο00111 1111101101 0100, 100 1100110010 111 11101010 101 ege
101101 11001 0101 zum 00101, 11001011001001101101, 1101111101
0101101101, 1110001101 0110 111 1011010110 01101, 110 010 frey 0011010
00001 111 10011111 00010101 0111 hernach 11011101 111 00010101 werden
011 1011 10010, 110001001 guter 11111010110000101001111101110
1011100101 001101 111 mogon, 010 01111001010 0011 1111101, nene
0101101101. Nemleichen 01100100 011 10101000 011001 1111110101
101· 0001111101 110011 stet, 1011011010 guter 001 011το0001 winde&
dieselben seine frey guter bey 0011011 1000111001110100 11101εο11011

 

