1249. 29

1 11111111 1011 1111111111 11111111 by, 1111111111 1011 11 11010111 podati
11011, 11111111 01111, 1111111111. [1131 Τ1110111 pah 0111111111έοί1
dmi prdvo 1υὲ 111νὲ11 Aa 1111111 11011 1011 wodenio, 11111110
1111111111 dove wasserseyye a 111111 1111111110, sve 11111 11111111 11-
11111110111111111111111011111111111111111 111011 odem
1111110111 1111111111, 111111ὶί0 hocker 11011, na 110111011111111101
11110 1101111111· 1111111 1111111101 101111111101011
11011 11111 prdvem 11111 bade obdrleti. [11410111 A& 11111 1011
11111111 111110 10111 1111111111 11, 11101 1 pergmistru po 1111111
1111111111 1111101111 01111, 11111110 [111011] 111111011111111, 11111111
1111111111, 101111111111111111111111111011111111111111 11111111111-
nosti 11111111111111. [1151 0111 111101 110111 1010111111 11101
1111111111 11110 1011111111 11110101 1111111 11, 1111111111 1011
1111111111 1111111111111111 by, 1 tu 1111111 1111111 11, 111 povo-
1111111101 nepruojde. Pakli 1010111111, 11111111 11111010 1111111011,
1 1111011111 1111111111 11110, toti} 111 011 1 lanu 111111111111011
111 md 11 111111 11, 11111111 1111010 1 nem zisku 11111 11, 0111111
011111 [1161 1111 11 1111111111111111 lanu prve 1110 by 111110,
1110111111 take 111111 1111 11111111 1111 11011111111111111 11111111
1101111111 101 111111111111100111111, k 11111611110 10111111 se.
[1111 optet„ 111 1111111111 11011 1011 1010111 1011110111 1111110 111111-
101111, 1111111111 1111 11111111 1111111 1111111111 011111. 1111101111.
11111 hor 11 1111111110 11111 11. [1181. 0111 Κ11111011111 1011 1111-
1111 111111 1 1111111111 111111111110, 11 1111111111 puol 111111
111 11111111 1111110111 11, 111111 1111111 1111111 11011 1011 111
1111101 lanu 1111111110 1111111 1011111. Α 111 11111111 0111111 mieru
1111111111, 1111111111 11111111111111111111 111 11111111 1111 by.
[1191111111 mezi 1111111111111 1111111111 11011 hora 1111111111 1111
111 111111 mieru 01111111 1110111 11, 1011110 11111111011,111111111
11111 1 11111111 11111111, 11 111110 11110 11,1011110111111111110111 111111-
11111, 11110 11011 111111111, 1111111111 10111111 11 11111111, [1201
oper„ 11 110, 11101 1110111 101111111111,110101111111101.1111-
1111101, 1011111111101 §toln 11111 11 1 11111 111111 1111 11110 101111
111111101111111111111 111111 jimi 11011 nebo 1111111110111111101
111111 nalezl 11, 1 1111111111 11111111 1 1111111111 1111111 11111111 1111111
111111 11101111 0111111. [1211 1111· 1111110111110 110111 111·

 

