1224

999, 1009, 1011, 1009-1011, 109919 -101111910011 rurales 191111,
1090. 1091, 1099, 1090, 1091, 1119,¹

- 11011911019 991; 11111 919, 990, 001000113010001100
410110, 110, 199, 901, 901, 911, 01111111110011111χ
999;11101110111111119, 19011111 0111101010 0¹⁰ 2 111110 2¹⁶-
199; 091 1101111999110101011 110110 1 0111011111, 00101911
11001000 10081 11190111 10091910 89, 0000·

3283 1001010 (1111101011 100, 981, 1101100, 109 939.

190-191, 111, 190119, 110, 999, 1101101010100919.

489, 810, 811, 869, 900, 9991008, 1101011111, jirehffi, 00100099 001,
1009,1099-1090; 111001 109900 1401 797, 949.

1111010101 9 00110000 11010011 998, Κ,1,1,1,1,1,θ1111018160 259· 291
1993 0101001 1011 940; 01091100 199, 565, 909⁸ ' ’ ’

331— 33¹⁶: {332}ssss ⁶²4⁸& {333 2¹33: 191119111171110111090911,101000

008, 608, 1090; 0110011 1110199191 mim kfnjiny Tf¹¹2¹¹⁰¹⁸k⁶ ⁴²⁹,

390, 848, 8001 00000 mmm ²⁸¹3 Kljdtfffflfflssset'ffffi furtum, 1111

-· 1111901101 0110001 939, 94ος pober 19, 111, 0⁴, 75, 163, 155, 401,
01091919 107, 1191 111111 11111010 1141, 1143, 101111, ‘293 1,,,1
8100091000 490; 111011 1100110010· 11011111 203 1032125‚253 011
11100 848, 880; 1100100011 991-990; 68, 793 1101111 2031 1., mgr„

90110070 V kfflji ¹⁰083 110073 0 VJ] 101111000001001 07, 78.
001010001011110101 090 0100 00110 001, 1,
191, 910; pr. 1111111110 999, 9993 010,111010111,1111η111,,11,,1,,

1110000911 140, 9981 1111911111 1001910 ‘limiam Be⁰h5¹¹⁰¹¹⁸i⁸ 10001 1

1483 1011011111 119, 910, 999, 999, 0051110011, 1001, 1099, 1101, po,
10091009,1001--1091;1,111111,,1,1. 1011 1000, 1009, 0019101911,

911 111, 110, 110, 991, 199, 110, 190, 10007010001005ῑ 3110100111

119, 110, 499, 199, 011, 910,111; ydrovsky, 0· 011100οπ100

11001019111140, 140, 040; 101009101οἰ
981, 811; 9111110 10091911 1091;
91100 9111001 078; 9111010010 11111010
199; 9000100919111991-390; 9101111
0110001 399-990; 9101111 a 1090100
1010111919, 111, 119, 190, 999 ar
990488, 1094, 1090; 9101011101 pro
dluh 980; 0101111 91110000 903; 9111101
Ρ. 1100110 1111 1100010911 199, 138140,

998. 400; 01001 9 01101 319, 9901 ,, , .
1110111 10001 110010το1 319, 490, 497, 10101341θέξᾷῗοῗοὶῖθὲκὲοζῖἒῖῧῇ
119, 100, 119, 199, 1011. 11111 1111110 410, 411’;’1111111·’,
1171010000 01 00110910, 110111 1111110- 100919 0111110109 797, 1001ς 1119
1101111,111100001101 997. 910091, villicus Pyeseensis 901,
1100100111) 70111, districtus (1011000919 01000307100190101,011111151ξο
v· ijo· 1110110. Ρ111000919949ῖ914, 101,
1101110011, 900900 10. 0111100 003; 1111- ἱζὲῗξόἔξξ οξ51ἲῖἒξὲῃ100718113οὲ, ¹,
,00001900 ⁸911 0011 0000110011 011 10011 11007}¹
1¹⁰ffl⁷'’ man’ mir 900, 361. 9111 quatuor, 1101100101011001111
11000911, fabrice, domus fabrorum, 101· 1111111111,11111111183111111111
11100011 fabrice 08, 09, 309, 490, 31111151113ῃ 'numm-'sky „521
45⁷> 499, 491, 492. 00191010119111,[1110091911101.30
101111, fabri 19, 110, 991, 999, 910, 11110001, Vscensis prov. 9943 2⁸0
919, 911, 119, 911, 991, 991, 119, 01111.09000919,οἱ110110100910
981, 391, 400, 109, 001, 091, 890, 1110080090911,’1100091901999
999, 1099, 1190; 101,101,100,911,901, 1001101111

0119111111, 0009101100119 1. 001
1100011101, Tustensis . 808,
498; Η10 ecky 1000, 1101111001
1100111001 198, 040, 719-710
1000, 1077, 919001, villicus 01101
919 198, 108; 0110119111 v. 0010
(1100010911 1000; 1111101911
0001110911, districtus 001100
000000000110011100111110101Ἒο01110

 

