1100. 1007

1010111 110011 10 1100111101 101111001001101111110111011 1011100
1001011110 0 010111, -1011 1000 01111111, 110101 11 0111011101
1101111011 011 10110111 10 010 011010111001100101011011000101
1011111. - My pak — k 110110101111 101111 110 0111011 11101 1011
0111111110, jim, 11110111 i 1011101111 11011110011101111011111111110
1010110011, 10111101 10 110011 10111, 10110 pole 11010111, 111110110-
01111 0 010011100 1 1101101011111 110010 0 101 0101010111101111010-
11οί, 10101 1 01101 1100001 0 1101110101 1101010111001, 0101011001
011 1101 01 1000101 1111011 0 111011, 1011 0110 - 011001 101010
11011 1 01111010 10111111010, 111 011101 1 011111011110111010
01 1111101111 1101 111010, 111110 0 10111111 1001 01010111101110-
10111 1010110101 1011111011101010011111 0110101010 1110. 1101·
1110, 10 1101101011 0111101010 1 1011110 1010 XXXII 11010 (110111
1001110 1011110 1001 10101110 11111100 ¹), 11011 1 10110101011110
1011011 1 1111111 011111); 11110111 10100101101101111111101
1011010 10110110 10110111 10111111 1101 11111 1101010111111; 101
1 11111 110111 1011111011101 1001 1101 11111 101 11100 10101110,
XVI 110111 10111111; 111 10111 111011 1101110110111101111 11 pn-
11011 1011 1 1011110 1010 1101 XVI 11011 [10111011010111011
11111 11011111] Τ11 101111111111 1 1000 1011 0101111 1011101111]
10110101110110. Το1 111 010110011 10101011 11101010 1011 01010
11111011, 11111 10110 1011011 10011 1000101010, 111 101010 010101
10111 0101 10111 kopu 110111 11111111100111101101011011101011
11101111 11101. Βο111 1101010101 0100101, 11111 1101101010 1110,
10110 0101010111 111110011 10101111, 110110 0111111 nebo domu nebo
1011111 XII 1011111 0 01111111 0111011111 1011010 1011 1101111
11011111 11100. Το1 10111 01011110 10101111,11110111101111111
1011010, 111101 1110 110111 1111. 01110101111111, (101100111111,
0 0101 011011011 011101101 1 10110111010111101101011101Ρ101110
11111111101 01111 po 11101 010111 0110011 11 (110101110111111011
11111 10010101010 1101011. Τ11 1 1011010 1011 XXXII 101011110·
1011, 10101 00 1101101111, 10111111 111111 11101. Το1 1101111111
10110110 1 1011111011 1011 11110111, 1110110 101010 pod 1101011 11111.
1111111 1001 1101101 10 1010 10 101 1111 10100101110111101111
11111011 11111. 11111 1 1001 101010 10110100 10 11011 1010111

Ρ101010111 10110110 111111 1001 011111 1 11011 111011, 1011110111
01

 

