¹³0⁷· 000

001101001110 0100001010. ’1011 10100000 0011100600 011111000101001
011001 0110111, 010 011110610 01100101 0011001010 100011 0 0101111
1110101 001011, 001 101110 11001 1111101010, 110011 01000 1011000011
0110011001, 100 001001001 1010 take, 110001 10 1011 1011 10000
0010 10000 006 k 0001011100 01000 0011001, 10110 010100, 010
1110 0011100 00 00001 001101 0110010001010001 001011, 11000111
1111 000111 0 000000 100011 0 0101111 buda, 1011110 01100 0101001,
11011 00010 00010 0011101100 00 0101001ς item 1000001011 000010·
01000 1011; 11010 01011110 001000 001610 0101001; 11000 0 001110
01000 1011, 1010 101111 0001001 011011 0011010100. Item, 010000 1 sli-
bujem, 010 0001111 011000 0010 010 101 0000011001101000 000101001
00001 01001 1010 01101 0010100100. Item, 010000, 11011011 00001 0111110
01 Ηο00 1101100, 11011001010010011100010 0111000 01000 100110 [010]
nebo 11010110 001000 00101001010, 10110 010 00 10111 111000 jemu
000101 1101110011 0100 00010 00010 000100001010110001 011001 0111,
0 01001 10000 0111100 010100011101 0001010010 100οο1000 Ρο11110
101 0000 01110100 1110 101000· 0011001 1010001 Hory Kuthny projol,
10110 1110010010 0001110111 01110100 00110000 0 0110011 0101111011.
11000, 010000, 010 00111001, 1000101001101011000101 10011 0010-
1100 nmo 000101100 00010101010000101 0111100 01011 0001111 01011
0 00001011 110100 0010010 00000001, 10011110 1010100000 001110οό00,
10000000 0010 hostem z 1100010001001011010 00101οΗ0το 1011001111-
ciem 01111001101 01001010100011101 1100110001 1101011001οο0 00-
10100 1010, 1101 10111 00111001, 10001 001 10011 0 001101010οι 0100101
001000 0001101111 0011101001011, 10 0111100110] 00011 0 1100010000
00100101 0 00101 001 01100011 0010 01100011, 10110 jim 10100111001
11010101 minoe 110101 101111 0000111111 100 0101111 0000100. Ρ11 tom
1011 10100001 001110000οι 101001 0111001 01010 0001 0110100, 010

3 10011100 0 0000000 0000011 pro 11010 1100 0011100000 000001000οό

1

01000 1000000110 0010 00010 1101011110, 00001100 0011 1001000110 001
1010 0110010 1101101010, 000101110 0010101110, 1 00110 00001 00100111
0111, 1 1011000111 001 0011000 1001011 111000 0111100 1011111110 00
00011 101 101, 010 cele 101010 0010101 0001110001 0001001 101 01
01100 ai 10 001000 1010οί 11001110100000001 001100000οο10 011000
000100000110 000111 011001011011. 100110000111011 010101 0 00-
0000011010οί 00111001 00100 001 0110101110 000 001 11010 0 1010

 

