1144 8888.

881 8888188 8818 88181188, 81818888818181 8888181188, 88 881 81
81188 geuerde: (1888888188, 1888118, 18818 188 888888188188111,
herseheften, gegenden‚ 8188888, 818188 881 geriehten 818888 88118881
88188888, 8118 888888 88181188, 881888 88188881888, 1881181888 sem
88881888, 1881888 88 88888888 181, 188 888888 gehrewlichen 8818
81188 geuerde 888 181188 881 dem gesworen 881 188 88888888
horsum, geuolgiek 881 881881881811888 8888, 88888 rechten 88181
8888888888 8888 1881881, 18888181188 8818 1888 1888888888 81
8888818888888 11888 88888888, 881 88881181 8188, 188 188 8111111
18 188 8888888188 188188 881 18888181188, 188 81888 881188 88118
18881881 881 8118888888 881 81188888181818188 mit 888888 181111.
1818 vnde 88188188188 81818818881888881 888188 881 frey 888181
mogon, 881 81 8181 88888188 188888 888888 881118, 18 88181 m
8881188, 818 888 88181118188188188. 1181888 188 88888118 genehen,
inne 8818188 81888 881 1888818118 (188 8888, 18888118 88181881
8888888888 188888 1188 881 88181 881 meg 8881 1181888888 st
rueffen, die 18 888 888188 8881 88888888 8888, 881118881188,(111
8188 188888 8888188 888188, 8818188 8881 188888 1188 88118
helsen 88888, 818 818 88888888 18188, 88 8888818. 1881 88181
8888881 18 188 888888188 188188 881 1888818188 888888881111
888888888888188 beschedigen 8881188888 ezugriff 188 88188 ge
schworen rats der eynunge 811188, 818888, 881188188181888 heschol
8881 18 (188 8888888188 188188, 18888181188 881 88888188 18818 mordet.
mortprenner, diep 881 888188 1888888 88818 8881 881881 18188, 8881
1888888 881188 888188188188 88 188888 8181 888888888, 88818811
8888118888 881 188 recht vorderte, 188 88181 man selehes rechten
helsen, es were 1888, 188 188 88888888 8811 188 8888888 8818818,
188 88 88888 888, 8818888188, 188 8181 888881888188 88118, gelen
geben, derselbe 88181 881811 18188. 1181 were 8881, 188 8888818 881
818888 88181118188188111118, 188881, 88818881, 18881881 8188 18881811,
88 118 88888888 188 8818 11888 8888888 118 88188888, 88 8818188
818888 1188 818 888 88181118188 188188, 881888881188818181
188 881818188888 melden pey 8888888 8818. Vnd 8888 8881881111
188 888881 188 188 888888188 188188 881 1888818188 mit 8881111
18 1818881188 188188 888 echichen 18118188 8888888, 188 88181881
888 dem 8888888888111888888888 1818888, 888 1888811888888111

 

