410 lus.

0101 10111 0 11111 001101, 1011001 01100 111101 11110 1111110 10110101
0101010110111 100111 0 111000101111110 11011 0 010111, 1110111 1011,
0 1110111101 1111 0010 110100 (1101 1110101110 101111000 11011111 1010
010006101111 0101011 1000 1011110 11011001 (1111. 1101, 1111100111·
0010101, 111101 by koli 1 111100 0 0111010111 Ρ11001110101101110 (11111
11010110, 10100610, 1011111111, 1011111 0 10110 11110110οω101 101101
1 101 11011, 11101 by jim 1111001 10101, 1011011 0 1111011 011111,
1 11011101 1111 0010 110101 1011011610 111111 11111 1016 1111110 011111
110011 hajny'm toliko povinni byli 11101111. 1101, 1111011 11110001
1011111 10110110οῨ1 11110011 (1000111110, 011 001 1111006 0 0011101
1101 (101111111111101 1 10116 1111011011 111101 0100101 011101
111011101001, 111101 by 101 1110111 hylo, mohli 101 1101111111 0110
101101 111111 1010 11010 1001111110 11010 1 110161011011110110 00110110
0 (111101. 11011 10 101161 1010 111110 0 0100010101, ahyto 10010
111100 1110 101 1110101001, 011 1111011 0110110110 11110 110101
101100 0111110610 11011110, 1011111011 101011 hyl by, 1111101111, 011111
nebo 11101111 10101 nebo 110101 000010001011, 0010110011 0111 1111010
1111110101 00 10, 011 0011011 0 01111 016 1101101 110100 01011011
00010011 11111111 101111 1111 010 101100 1101111 0 0111111111 011
11010111 1111 1011, 111101 by 101010 do 11016101101111010011110
«1011111011101111110101011 0010010101, 11 1011010110 1111 vestini
1101101011 1101110 0110001011 0 11111 111 11100610 11110 111 1101111
aby 00 011010 10111 0 001101 01111111 1110110610 1111001101
11011111. - 1110 1Ρ1010 leta 11010110 11111610 11111011110011111
110110 11111610 1110110, (1101110 (1101 dne 111100 10110000, 111·
1011111 001101 1111111610 1610 1101110 0 (10111610 11101610.

1011110001 20 111 001011 1010110 privilegii 1000111100 ’
110110 vl d. 1011111οἰ 8 101100 1732 0 0101006 1 orig. 1 0101110 1. 11111 jin&
01011101 1 11011101 110110 101001 00 l. 38 v 0101111110001111, 1 0101110 1001111
11100 0 1 0101110 00111111. - 11011001, 1110101 0111110 1011111 1 11011010 mk.
1883 str. 11.

* Cis. 214.

1110100111. v 11010.
11111 110101 IV 1011010111111100110 1111010111 01100100 1001010101 des}
0010111011 10 010011 1111110111, 1101001110 01001011 fib 101οἑ matha 1011
1111100οα 11111110 1111 hyla 01111010.

 

