0000 71

1 00010 00011001, 000010 101. [12]. Item, 10011110 10 110 pro 0001-
0110 01101010 006100 1010001, 010 10 11011010 100 1100010 0011, 01001·
1110 01 0100 110110 0000010010, 0000101001. [13]. Item, 10011110 110
000010 1010, 0 [010000 0000 0000000 001010. 0110011110 0011001 00010
u 00011101, 010000100100111 01 [011100] 0 000101110οι 0 0100, 000
000110 ds 111 111000, 00 01001011010000010 01000, 101 111001, 0 00
100001 0100 1011000 0 0110010000 111000. [14]. Item, 110 0100 00
000110 00101001 1011, 001 111100101000101100111111 111000 0 010011
0101011. 1100, 00 101010 0101000110 0110100101, 01011-1110, ru·
101010 010110001101010111111Π 11100001 0000110110 0111. A 00 000010
101 01 00101010. [11]. Item, 1001111010 110 011111 00 0100 0 00111,
0100011110 10 100, 00 1011011001 0010101, 01011, 00101001 0101100-
moly deuicti 1110000100001111011001. Α 01 000010 0 0000011100
0011111 10 00 01111, 0 100 0101000 10011 0110100011101000 0 0010-
[αο1010 1000100100 0011100 00001 00 0011111. [16].11000, 110110
1011 nior v 100 101000 000111, 00110οι0 0010 01010 1011 00010 10001
111000 0100111101, 0100011100100 101000 0001 11001 001110, 0 01
1101 00010 101 11011 maji 0010111 00011111 0 0110010000 1101100. [11].
11000, 0110110101 000 0101101010 01101ον10 0 10101011 10 jeho 010-
0001 010111, 0 010 na 1001101010 01101000110, 0101 000111100100, 00-
101010,110110 10101100100, 001101110 00000010 [00 01101001οε
00 00001 1001011100 011010010 [01010011 001 000100 01110, 00100101
[000111 011 011010010, 0100 110110 0010 1010, 010011110 110110 0111
0111010 011010010, 0100 00100 00101010, 0 [0011110 110011, 1000 011
0001000 00101 0001 0001010110010 10011101. [18].11000, 10110 110011
010το 100100, 1100111101 00110000 0010011010 0010011 1001, 00001110
10101 011010010 0 000110, 00010 10101 101011 101 011010010, 1100
00 10100001 111001 00001 01101111, 00111 10 01000100 101, 100011111000,
[01111000 0010000 0100101011000, 1101111100 0001011011 0100001001,
00110 00 111001 1010111 0 1101111. [19]. Item, 110 10 101101111001
0101 01000100 10110110 010110 1 001011 1110, 0 0 000010010οι 00010-
11000οι 0 00111001 0000011010 101 000101, 0010ιο 101 010000 011
100110, 0 [00 00100 011010010 001110001001010101, 001 1011011100.

[21] Item, 110 10101 011010010, 10 10 0101100 01001001001, 0000000
010 001 0011 0001000 00 01110, 00100101 1010-11 011010010, 0100 110110
01 011011 00110110 101011011010010, 0001010110010 100111 1010.

 

