XXIV

1111111111.α Soupis privilegii a 110110 11101111000101110,11001 1100
1110 ι100 1111 Μο00000 11100100 r. 1654 00010011. 00110011. 19, 41, 112,
204 0 342.

ΙΠ. V 00001101 0101001 101000110101010101110011001101101
zai-‚ali 01001001 01101111 01001000011 0010110110 01101 0111101111 11011001
materiai} 00110 mista 010 0011110101 ionii 0000110101 0001011 1000101011
110110, z 010101 100001 0110111 0 01011010110011011000101 0001000010.
Ρο 0111101 1001101101011000011 11 001001001οο 00010101101110110
10111010 0001100010 00010 0010100011οὴ privilegii, 101 r. 1141 1010
10010100100 0001 1100100010 00 001. 1100001 1010 0001 0001000100
1000 do nich 01001100 01101111 01000101 00001110 01010101, 11011000·
1110100 1110111001 1 pro 011111 1000 000100010100010011, 0 1001 ’10
110100 0011 0011111000 00101 0 1101101011 0101000011 0100100 (1011011-
11111 material 001001, 0 001001 00100 0 textu, 00001 0 0000101101
1000110011οι 000101011110110 110001010011. 11011100 001 010 0 0100001-
010 00110110 01101 ty 01001101 knihy 01101011, 0 01011 1000 1001101110
0011111000 0011 1000011 100111 0 (1001010100010 1 110101 0111001101 ru·
kopisy, 0 010111 010011 00100111 001001 101001110101010110 0100100.

1100011001 1001100 misia 1310111010 010110011101011011 1. 83
0000101000 00 01001101 00011111 00100 XVIII 0101011 ,110 Ι. Privilegia,
1001001110, 1000 patronatus, 01001011, 10110001101101 000101010, 00100·
01011 0 00110000, 1011010 00 0010 0 0101101 10110001110 001010 1110100011.
11010010 001101 010010010οο0 001000010101110 0001101 10110, 010010 0001-
niho 0101001000 (10001000 Μ10001110 z r. 1585 0 0 1110 doby 1011
0001110011 0100100 privilegii 11010001000010010 1101 0101100110 000001
110111110 knihy. 110111 010100 jdou 01 do 10000 XVIII 0101011. 0011001
000101011110000 1. 154.

2. 110110 0010110011 001010 1101001111, 0101001110 jazyka do
1001110 0. 1521 0100100 01010110 11010100 1101000011οι 0101010-
0101. 1000111010 10 01010 001. 24: „Descripta 0001 hec omnia
01 interpretata 001 mandatum vigilantissimi magIstratus 01 tribuni
plebis 1010000 urbis Tusthe pei· Gregorium Rokycanum, 00111000
01000100 urbis scribam, anno 0 Christo incarnato unico omnium nostrum
001101001000 optimo anno 1521 die 001010 0010 0000000100100000 virgi-
nis 001010 (21 11000011. Kniha 10, 11101101 11 0000001011 1101110, 01111000

01011101 0001011011, 0100010 00 druhdy 00 0111000101 1100011011ιο

 

