1968

11666616651511,655116616116116166615, 159, 931,934;1616415851
688, 6911 1111111551 5161515161111615,165116161ι 1155 1116116109
808, 809. 499, 500, 537, 538, 540; ’11

1166116166, Rudnicz, opidum 1161161-44140444444444414774444444
66656, 616116 5151611516 39, 491, 411, 116661 Ε111511 581 3661611516
489, 039, 791-194, 1045, 1103, 1115· bu 1115, 1175.

5161 660656656511 639111151556116 m 51116115116511161
Labi 411, 489; 11165651 639, 16 61 115 510.
65111491;111156161411;1165151411, 116166 11111151.815111 6111611

1166415161σῄ,11611616566 115161, 11156161 1161166166, 61161666 511.
8151656617151516161130.116161665161,656616111151111661

1161411654 18, 19. 913, 917, 385, 551, 111211

1166016161651166, 1665165519. 01611111161516 619, 6109

15651516561161165181. 1139,1189, 1184.

1166505615,1666511161651165,1Κιι1ιι6 0010101100, 0001000011

Ηο11118. 119 66,14,11,66,446,441,1
1161166166ιῖ 6111611,111166111 m Do· 101403, 0111101001, 10011

1144440777· 64,15;55115111611116111111
11656661 116111665161, 1665616 6161151166· mi'cidio 99, 64, 15.

1165185,1861169111661611166116116.11610 1116111. 111611.

116611ιέ1661 1560 neb (161116 998, 9931119 4474444744 4419449444 1444444441 m
66664, ,1144651614 ,11,-,11111114111111,
1166661141. 6116166

11645540 166416, 5464154, 1106166 1146641 instrumentum 1¹¹
mocn5 amb 61116 98.

6661645546565666.614811661665111.
464465 11446. 166, 0611616614 1441. ’4111141 6 141111 116161.
06511. 599, 11611. 1616111111 139139, 44447 4444141498 60053711

164,164,’,166 1161651 14166111 1115, 41114 4114141 ’1111710414
1156, 116116616166514616116111

5116465666, (1611656656111,116611444744461411116111116115511
61 111, 1161111611, 166161611Ρ11. 4114140 44118919 445·
451, 415, 416, 1102’3 1161111611, 1161115166 4444494 pokoje 1401400446
141616 5651651656 1005, 11023 156 4444414174 23-25, 64 75
1115, 505115330 01611611,51511.1651111 4444444444 4444444 7179740775174
590. 1161116νᾶ, m55511n Kutnohorsl

1505151551045. 1114116νᾶ416 F renclln pi'isei

6116960615116116566161,16165,154161 1111166 5203 Κ6116116,111
1566115611 65 Η61661ι Κ616161ι 1099 Η616611 1161111611 495, 49
,116111161016611611 116166561511 893, 310.
895, 011115,1611511161116611166516 116661, capillatio 14.
Ν16156166 ’194; Ρ611, 6165116166-11666166,145665,16557.-59
1161511 1100; 1166666, 5611411511 65 110 bari, piscatores 119, 56
Η61661ι 11616166 89389519416651, ”’1090

1161116166 11516 1156166516116 1066. 110561101156166, 00101100,

sso{r1ov,2,Rosnow, 16513666 611616 381 11111613, 601, 605, 6336
u 911

116116 61111· 1161166, metallum mensura 1110010010000010000,,100061

dignum ’.78 facultas piscandi, 561161
1166111611611611 166 116111161115161.10,01,00,00,101,100,0

Vysok5h0 Μ115 698-530, 581, 588, 010, 001100, 1071', 1151,
6Ρ1666,656661516111125161566 11100101 1:83’1La’bi 24’0

1161616061, 6161166161616, 616166151615 639, 6411 1Μ111116 105,
946--148, 1086. 01111110, 1111 1141661311

46454111, 1151 166611 31, 65, 65, 64, 4414 ¹⁰⁵¹ ¹⁰⁵¹
446. 61, 461, 466, 165156. 666666, 14060 pisces 1465111141
11, 61661661, 1161 141. 06511 153151, 540, 846; 51566, 561666, 51

 

