1101. 1081

10110111 1111, 01]10 110010 110110 10 10111111101001011110111111·
1110 11101010 010110 1010 111010 Β]11010 1 1101 1010 010101001101.
110110111111 0 0110111] 01] 10111 10111111, 10111 1] 0111111, 11
1101 pravo 1001, 0 10111 1] 1010 110 11] 1001110117) 11, 110111110
jest,⁸) 01]11 0110101 10101111111010 01101010 0101111) 111010 0110111-
1001110 11011 1010 010111001101. 11011, 01 ¹⁰) 1] 00 11] 10111
101101110 1111111110 1101010111 111011 10101 Β]11011, 1 1011
10110111001101 10001, 01] 110111 1101011, 11]1 1] 01111 0 10111111
10111 011111 0 01 110 00 11111 1 0111101011, 10111 1] 10111 01111101
10110 1101011111 1 101101 1111010011. 11011 0111 1] 110 0111100
11111011 0 111011101011 10 11101011010101110 111010 1 1011 10 011011-
10011011010010101 1] 110111101011011 1111011, 1ο 1111] 10111
proti 1111111011 101111 1111101011. 11011 10110 111 1010 1111111
0101111, 1010101 1 111101101ῑῆ 11101001 1011010110 1111101”) 1010
01101111 1010101101] 00110 0 11110 011 1011 10110110101101011110
111010 0 1111 1011 1011101111ἰο 10 01101 0111001 ¹⁴) 1011, 10111
1111 00 1101 01111 1101111011 11111111 01110, 10 11001011110101-
1011011101 1] 11001] 1111, 10110 01011 11111111011, ty 10101111
11001] 0101111 0111111101, 10101 01 010101111011101 00110 010101
1101 01111 1101111101 111111110001110, pii 1101110110 1000101111
0001011101. 1101111001] 101011, 110111, 1011115) 1 11001] 1111
10101],1011010101] 01011, 1] 1010 111 11001] 0101111, 101 01]1111
1 101111 1111101011 011 111011 11110116) 11011 1111] 111111101111, 001
10111 10110. 11011101 10 10 10110 1111 11001] 1011100 110111
11101011 1011011, 001 1101111 011110, 1101101111101, 10101 1001
011 111 0101010111ηο 011100101101010 11010 11101011 ¹⁷) 0 111011,
0 0011 10110 1111010101100101111 011 10111111111101011, 010 011
011 0 111119) 1111110101 011111 111111 11110111 101, 1011 001111
11111 1110, 010 11011011 1111. Α 10 001 1010 1111111, 1010110111-
1111 0101111110111101011 1 01010101 1 0 10101 01101 11111011. 110
01111101] 011 1011111011 11001010111010111011111) 1011 1111 1111οκ
1101010111 1111101101 101111 1 111 11011 1001), 1 11011 111111011011,
11011 111011 11101 111101οι1 11111 111011 apro 11111 110 11111 10110
1011011111. 1101110111 010011, 01] 1101011111, 0110 kdy 111011
hadom, i 101111110101011111011111 111011 01111 1010 110 110
1111] 1011011111. A 10110 110110 10 0111011101 10 10111 1101011

 

