776 1386.

1] 10 1011101000 00110100000100 1111, 1000 1111001] 00010111, 1100 0 00011
¹ 0000 byei 01, 10001 1] 10 100 01111010 00010 011110 1011, 1101100011 00010 00-
001111 0001000011 11001110 1] 00110100 00010 11010 01000 000101 100 110110
00010 100 0001000010, 1 001 1] 100 01111010 00010 10 01111011010110001010110
010110 tenebo-li 000001010110, 00011110 10000011110, 00 0001 0010 0 Hor]
[i 0101 Ηο01 1101101] 00010 110110101111010 mel 00010 10111, 1011] 10 010010
010110 00 001111111010 01101010 011000001101111001] 00010111 1001 Δ 10011110
1] 011110110 0111010 01100000110 001 111100 00101110 00010 10001110 001010010
100 01111010 0001010 011110 po 0011 000000100111, 1 0011] 1011 0001010110 010
110 00 0001 001101 00011110 000000100111, 1011]10 010010 010 10 00110101-
loveke 10000] 01000101111, 0 001 1] 0101101100 0100110110 1]10, 1010110 100],
0010010 1110 00101001, 0001010111 1] 10111101 0101101]10, 00011100000111,
οΗ010 0001 0101 Ηο01,001 1] 1011 k 10010 0110101010, 1011] 10 01001100 00 100101]
101011 01100 000110 00010111 0100 010101 0001 0101101110 00 010001010101
100011 00101000 011111.1 11101011010000010000001000,111 1000 10 0100001
00101111, 110 sev rnkop. 11111000 8001001110 1. 111 00 1. 181 00 010100οε
,10010 1001 00100111 001000100001111010 10101010 0 0100, 0000 1101000, 11001110
0 1001110 10110, 0 0111100001 0οΗ01101) 1101110101 0110011οί01, 1010111 011110101
00 0110 0010 0101110 10010, 1010 0001010 0011 010110 001, 10001 101101101110,
0000011 00001111, 0001011111] 100 000010001010, 1111010 001 011101 1110101
00001100, 00 00 10110 000 00 0100 Ηο0011 0010 00100101] 0001011101.1 -
10001011,Κο101Ηο00 010. 11. ’- V 01000 renum memor. v 001100 0011001] 00
1111110 0οι ,10 villo Nesekoredioz prope Montes Cuthnns Janko Plnmli decessit
010. 111 Montani defendentes 00010011ιο regium 0110100001 litteras regum 01 0010·
cipum 0000010001001001100,000000 tenor seqnitur: Wir 1100001000 etc. 111000
littero 10 alemanico 0100100011100000101000οΒ010010, 10000 Caroli 1101 100000-
tonis Romanorum similiter theutonico ibidem 1000010, 000 hie 00100 100100001οω
eiusdem Plumel in theutonico 11100010.“ -V rukop. (10011100 00000 sign 23 Ge
001. 181 00001110 10011 0101101 101010 001001110 000010 000001010οε ,1100-
firmici 11101 privilegium od eisaie 1001100010, Μο0101110001 11010110 01010 00,
010 101, 1101 1] 1011000101 mediando 010101 00111 1111, 1101100011 00010 tepenti,
100011] 001000111110, 01111, 01] 10 00101 0010 011001 100 01011110] 010111011
0110111οο11.“ Ζο 110 0101011110 0001001 100001οὔ011 010. 01011111 00 norici
11010101, 10101001 1101111001 Ηο00110001100, d. 00 dr. 1101010100 0 011010 po st.
1100 0 Paolu [4 10000000] l.1597 01000 110110 001. Ηο010 Chytry: „ponendi
1011100 0111110100 01000110 0001010100 00000000 00010 010110 0010 000-
1001010 0 0001001010 00110 vdle 01110011 0011101100011, 10 1001110001 011100
10 10110 0110111 0 1011001 00101] 01101 110110 0010 00101111 0011, 0 pro 10 011·
(inu 111 1101110110 0111100011 01010 10111 0110, 1011)] 00110 1010, 101001 Mn·
0011οΡ01111 0101100 0011011110 0101 001111011010100 niolo 0001 0110111101 001·
010100 0111100, 00011] 10100100 110110 0110ιί100 1111001101εο 00011001].“

 

