lm

55551556151651 719, 379, 471-479,
475, 477, 627, 667, 577, 579, 621, 625,
QQ‚Qwaww4
862, 902, 905, 978, 979,1028,1063,
1064,1075,1177, 15555551591515116
1177,1555151515 01556516, 5511655
55556155 consistorii olomucensis
1178,115,5115151516115 1157,11615
Uherslzeho 81555565879,1153,1116·
15155 5515511747, 809,11161511111.
Κ51155161 116151516,1161. 1551556, ro·
galis 5555155 notarii 988, 1177,116-
1515111 65516115 nejvJ554 1. 1155116551
55551511 115,1,651, 5651651, ,51541
notarii civitatum, scriptores 7,1Ο, 16,
18, 71, 108, 776, 449, 502, 791, 986,
981,1138,1139,511555,55’451151155-
nete 829, 5511911 94, 49, 974, 606,
556155511115, 655 5561155551515
5561171691 846-849, 978, 979, od·
1555151665 515651075,51651,1161.
55 Η516511 Κ545,511,55,1,151, 56511-
5451 51651556151651111 6553611155 zun
Κ11676111020,113Ο,1156,1157,16·

1,,5, 5545111 publici 1. 1154611 15-
rJn

Ρ6511,51555 151,194

115116156907, 1189, 5511156516, 551·

11569171307,907,1012,1074,1075·

11551, 5656511555516, Ρ,5555, Pye-
515, Ρ,551,115515,Ρί5551, civitas
Ρ,55555515,1)1555511515, 1665555515
ΜΜΜΗΜΜΜΜ
306, 371-323, 981, 982 ,464-416,
ΜΗΜΜΜΜΜΜΜ
ΜΜΜΜΜΜΜΜΜ
853, 901, 902, 905, 937, 996- 999, 1011
6910191017,1034, 1974-1079, 1089,
ΜΜ5Μ’ΜΜΜΜ’
11461183,

- 65156 901, 1183 ,6165, 5654516 9991
61515555 5115551167, 515, 5515655551
56 5155551 ,5115 747-744, 903, 906,
406, 409, 841,1076 1071, 6651156,
565551168, 496, 6651 ku 5551, 49Ο,
111161 998,11556111 4104'511044p 997, hra-
zeni 56515 407, 410, 111566, 15155
56555 406, 409, kostel 15151 998,

-15561116 997, 165, 1 565411 1156
1556 406, 469, 678, 155, 1151516
1511511 404, 467, 409, 56555 5516
198, 51516 158,51,5,406, 407, 409,
410, most 407. 410, 467, 1155551511·
1515554 56515 198, 5651156309, 306,
467, 409, 565515 156, 371, 377, 848,

- 555551 6515415 407, 409, 410, 5115

151551 406, 409, 55615151
379, 848, 5551515 997,10
404, 409, 408, 51615 5 511
469, 468, 51615 66616116
671, 51615 5651516 677,
749, 51615 11111516 747, 741.
51615 ,1541556451 997, 511Ι
565451 747 743, 51615
667, 671, 1155115 1615515
55151 (1555516) 971-373,
ΜΜΜΜΜΜ

- 5511515711 996, 1617. 10741

1118, 55114611 56511141 199,
Qmmmmw
5567615411 5654516 747,
1117, 1118, 1555515151747,
409,

- 5115155 56565651747-744,
846, 1674-1079, 110711
1116, 51156 56111 976, 11
1077,1103, 91196 56511 1
6515, 406, 409, 5556 5655
373, 467,545161565551 99
11555151 179, 977, 379, 1156
467,575411465116551167,41
ΜΜΜΜΜ,5
905,6151,15651158,466,
wam

51545551115611078,1156511867, 3Ο4Ῐ pm ΒΜ ¹⁵⁸·

Pisinyer 11715164, 15564611 1

2 Ρ615, 65 Ρ,551, 65 1155115
1545565166, 1116115, 5115515,
Η515 443, Η511511,1555511
551,1555511515565555164
1151151511,1,564611Η5151151
95156, 5611755 5155161
1100,1179,165151,1565115
5151151656 Κ561, 56 1044:
565755 1155115511, 1099· 111
51541 1161. 55 Η516161155,

5195575155, 1155166, 566

561151, 37.

1216511155, 1151415,1556515.6

770.

Ρίυᾳ 51565,1. 11565, 5111, u?

visio 61515515 97, 98 21⁴· ⁴
Μ,5ΗΜΜ,57
304, 304, 442, 551,15519
ΜΜΜΜΜ5
ΜΜ5,55,ΜῌΜ,0

1355, 55155515 168, 494, 485

451516 469, 54516 704, 95651

6515615151, 61515451555511164

QQ’Q

 

