1292

66, 69, 84, 68, 74, 76, 79, 94, 183, 6116111111Β111646, 48, 1161111
166, 294, 361, 866, 369, 379, 400, 463, 48, 9111911 11119111 678, sladum
wQOfflmffimwm..4mmfflHudeffl

7861666 16166111, expedicio ,66611161 69 893, 687, 16611 ,1661666191
armatarum 49, 968, 961, 1899. 711 161,169,164, 884,111111611611
71111616111. 111893, 11111] a 161616616166

1711161, 116611 111611 6161611111 1944, 47, 999, 399, 1111661 domn 161,
1858. 1161, 16661 1166161111 987, 611,

766661, 11166616, 6116161161 611, 619, 678, 874, 1616111111 874.
wmmmmmmfflzmmwmuffiffi
878, 917, 918, 111111, libertates nun· memmae, 711116161116116ι,1
dinatum 147, 161, 179, 817, 818,116· Κ661116116, Β61111111 Η11111 2
16116 747, 748, 1189. 66111 1616161 619.

7116166861 61111661166111,1666616661, 79747194, 77777θέ14777, 779,
611611616661 civitatum, viz 11611 vy· 1177777777 7771 7781 763, 777,
mmm, ,1166611616 4, 8, 69, 68, 67118,

1611161161 ,1616611111 66666161 pod 8161 1371 ¹4⁹2 774» 183, ¹8⁸2 791111
936, 937, vesnia, (1911111, ,1111661 116· 195, 2’05, 3441 347, 373, ων
mmwwmmwmm mmfflwssfflm
,msyteutffl 783, 111 1 Β11161116 1116111 11

Vyglanf mggtffl 1006, probofitstvi 12¹1, 205, 461, 4⁶2,

79111111669116166611614. 777, 7471 777917 1¹¹⁴, 11711

γ,,,,,,,,,13,9, 330, 111111611616 619, 1116616161

17616111 1176, M 116, Alta 1111161111 1⁰22 1¹23, ¹²5. ¹⁷82 ¹9¹, 196,

1116111, uta, 111111, civitas 11161611- 1164·
111, civitas 16 Alta Mutha, civitas 7117776 7718717771 97787771 77· 77
1161166111, Η611661666116, 1111 161 881. ⁸
mmmmmmmwemmwffimhffl
meQmmfflQma mmmwmmssmm
mmmmmwmm ΜΜΜΜΜΜΜ
678, 678, 687, 688, 698, 884, 879, 7,111111,17,16166,61116961161111111
767, 7611, 8611-866, 874, 1167, 1163, 180.

wQOmewfflfflmfflssfflffl
11611116161116874,1661611116111, 71771· ,
&wammmaefflmfflmfflssfflwfflw
mmwmwmmwawmfflmmmmffl
687, 688,11161 6111611116 699, 111116, 17791 17411 1047.
masne 699, 111661, 699, 17316άέ6111 1861 6166166161 do 1

ψωωωωωωςωωω

meQQQmmflwmfflfflQ ,
QOmmmmmfflmmffifflwssffl
16116, 61116166 46, 48, 118, 6611111, 0711178179, 791-794, 11031111

1111116611 619116 169, 864, 6116616111, 7197777 4071 ⁴¹0·
awfflmmmm3 WWWmemss

-1666111111111111 448, ,1611661611 891 11777 'mm 577 ¹⁰²⁹·
61 994, 1611116737, ,161611 699, 797194111471777171 747847 4771
1191161161, 44, 47, 884, pravo ,797 , .
(16111661 684, 879, pravo 1161161616 79717777777777777 797·

864, 879, ,11116161 (rada 61811111) 7777177 690.
149, 161, 152, 164, 321-323, 448, 7111661, 6161111161 116116 ,11611161

mwfflwwwffl,fflwffimmw
874, ,11116116 6161116111 448, purk· 843, ⁹⁰92 9¹9, 1776107711(Μῖ
migffi 537, 864, 874, domu 16 11161111 1186, 1616111

-mfflmfflmuwmffl QmmfflQQ
164, 448, 693, 528-530, 569, 570, 76661116166391.

687, 688, 698, 737, 6611611111 16611- 2666666811, 1116111616, ,1136611116
1116 88, 116, 698-698, 1116166 ob· pignoracio 999, 893, 898, 981,

 

