1111. 301

1111111 11111111 1111111 1111111 11111 'k 11111111 11111 1111111111,
11 1111 1111111111 (1111) 1111111Ρ11111111111, 1111111111111 1111111,
11111 11111 1111111111 111111 111 1111111111, k 11 111 1111111 1111-
111111 11 11111 11111 111111. Budou 1111111111 111111 11111111
1111111 1111111111 11 11 1111111 1111 1111111111111111111111-
11111 11111111 11111 11111111 111111111 11111111111111111111·
1111 111111111111111111 11111 111111 11111111. 11111 111111 111111
11111111 11111111111 111111111111111111111 1111111 11111, 11 1111
111111 1111111 111111,1111111111 11 111111, 1111111 11 11111 1111111
1111, 1111 1 11111111, 111111 11111111111111, 1111 111 1111 111
11111111 1111111 Ρ11111111111 111 111111 1111111 11111111 111111 11111
11111111111111 111 11111. Ρ1111111 1111 11111111 1111111111 11
1111111111, 11111 1111111111111111 11111, 11111, 1111111 11111 Β111111,
1 11 1111111, 1111111 11111 Κ111 111111, 111111111111, 11111 11111111

111111 111111 1111111111 111111111111 1111111111 11111 1111111111 ’

’1111111111 11111111 1111111111111111 111 11111111 111 11111111
>viti 111 1111111111 111111111111111111111111 11111 moe. 1111111
111111101111111 1111111, 11111111 1111111, Klouk 1111, 11111111
111 1 111111 1111111, 11111111 1111 1111111111111111111111111-
1111 1111 11111111, 11111 11 111111 111 11111 1111111111111111111
,11111111 11111, k 111 11111111 1111111111 1111111 1111111111 11111
111, 11111 11 1111111111, 11111 1111 11111111, 11111111111111, maji
,111111 1111111111. Τ111111111111111111111 1111111111 111111 1111- ,
11111, 111111 11111 1111111111 11111111 1111111111 11111 11111111111,
1111111111, 111111111111 11111 1111111111111111111111 11111111
1111 11111 111111 1111111, 11111 1111111111 1111111 1111111111 11
111111 1111111111, 111111111111111 1111 1 1111111 111111111111111
11111 111111 1111111, 111111 1111111111] 111111111111111111111111111
11111 1 11111111 1111 1111111111 1111111 11111111111111111111111
111111111111111111111111111 1111 1111 11111111. Τ1111 111 11111111
1111111111 11111 11111111 111111 11111111, 111111111111111111,111
11111111 111111 111111 11111111 1111111111 1111 111 1111111111, 11111
1111111, 11111 1111, 1111111111 1111111 hylo. Slibujice 1111 1111111
111111111 111111111111111 1111111111 1111, 111111 111111111 111111
111 111111 111111111111 111 111111, 1111111111 1111111 11 111 1111 11111111
111 1111111 1 1111111111 1111 111111111111 111111111111 11111111 11-
11*

 

