120& 41

111101 11111111 10111 111111, 11111110 1 111111 111111 11101111
1111111111 111111111 1111111 11111111111111 11 1111 a 1111011111.
11111111 111111 10111 k 1111 1111111111 11101, 10111 111111 ajin&
1111, 1111111 1110111111 11111, 11111011011111, 1111111111 111111-
1111110101, 11 11111 1111111, 1 11101111111101 111111 111011111-
1110 Κ1111111 111 1110 11111111111010, 11101 11 po 1111 1101111111
1111111 111111 11111110 11111111 1111111111Ρο11101; 111111011
111111 1011111 11101 11111111 111111 1111, 1111111111 by 11101111
1111. 11111110111111111111111111 11111111 11111, 1111111111
110111 11111111 11111, 11111111 1111 11111 1111011 1110111111, 1111
11111111 11111111 1111111111 11101 Ρ111-1111 1011111 11111 11111111
1111111111, 111 1111 1111111111 11101 1111111111 111 111111111111
111111101111110 11111111 1111 11111111 10111, 110111101011111,
1111101 1111 11111101101111 111, 1111111 101111 pfl, 111111 1111111
11111111 tom 1011111111 111. 1111111111111111111111111111
11110 111100111111 1111111111, 11111 10101110, 111 1111 11010111 111

; 01101111 111101 101111111; take 1111111 Ρο11111 1111 11111 111
ς 11111 1111111 11 1110111111 masa 1 10111111 ku 1110111111 111111 110·
ζ 101111 01 11111 0110101111. Τ11111 Limberku 1111111111 v 110-

} 1011 111111 11101111111 1111111111 11111101 po 111111 1111111111
ξ 11111111. 1111 1111111 11111 11111 mm strouhy vodm 111-
’ 1111 11111111111111101011111111011111101. 1111 1111 1111111011,
1111111111 01 1011111111 1 1100111101 11111 11111111111111 1111
10111, 111111101111110 111111 11111 po vyjitl 1101 1101011011111
11101 Ζ1011 111111111111, 1111111 1111111 11111, 1111 1011110,

1

11110 1111101111111 111111 Ρο11111 1111111 1 1110101111 1111 8001111
111111, 101111 111111 11111111, 1111111110 1111111011 1111111111-
11111 let 1111110111 a 1101011 11 11101 111101 111011 1011011101
1111 11101. 011111111 1111 1010 111111 1111111111111101011101
10111 1111111111, 11111 111110, 1111111 1011 11111111111 11101 k 111111
1011101, 1111111 11101 1101111 plat 11111111 1101111010, 1111 1101011
1111111111110101111111111111. Α 1111011 1 1 101111 11111 101011-

, 11111110111111, 1111111 011010 1111, jak& nejprve 11111101111,

1 1010111 plne 1101011 1111111 11101 1 1111101111 11101 k 1111111111

0111110 11110111110 1111111110 111111 Ρο11111 111111 1010111111
11111111, 111101 111110111110, 11111111111111. 111111111111101011,

 

