1111. 77

[30]. Item, 11111111 by 110 pro 1110111 111111 [11011111] 1111111111
111111111101111,110111111111 u 111111, jiny'm 1110111161] 1111111111
1111111 odpoviedati. [31]. Item, 11110 pro 11111111111111111111111
0111110111 a 1111111111 [11111101] na 11110 1011111111011,111111111
110111 1111111111111 1111111101 1 1111111111 [1111111111 XV 1111111101.
[32]. Item, za 11111111 LX 1111111101 1101111 1110111 111111 [11101 111-
1111111 1 1111111111 1111011, 11111111111, [1110 110111 11111111 111, [111
11111,111[111111111111,111 11111111· 11111, 111111 1111011111. Α 11111
111111 po XIV 111101111111111111 11 1 1111111111 1111111111, 1111111-
11111111 nem [10111111 11111 111111011111 1111111011, 111 111111 k 10111
1111111111, 11111 111111 111111 111 1111011111. 11101111 koli v 111111111-
1111 1111111111 1111111 [1011111111 1111111011, LX 1111111101 [1101111111 1
1111111111 10111111 XV 1111111101 bez milosti. A 1111111111 1111 nepo·
⁸111an vytrhna 1111 1 111111, 1111111111, 1111111111 01111111 111, 111
ζ 11111111 1111 [33]. Item, 11111111 1111111011, 111111 11 1111111111111
·, by'ti maji, [10111111101111111 [34].11111, 110110111110111110111111 [11111
Ξ 1111111111 1111110110 11011 1111111111[111111110111111111101110111
1 1111, 1100111111 proto 1111101 111011 by'ti, 111111111111101111111
1111 [10111111 hudo, 1111111111. 11111111111111111010 110101111 1 list
1110111111οἠ11, 111011111111 vinu 1101111111 [1010111111111111 111110.
[31]. Item, pod 1111111101111 [1111111111 0110111111011110111111111111111,
[10111111111111111 1111111111 101111. [36]. Item, 11110 1010 pro 1111111
11111 neb veliky' 011111110111111011111111, 1 11111010111-1111,1111
11111 111 101 1 placem 1111 111111; [1111111111111111111111111111111
101 1 placem 1111 dluh; a [1111111 1011111111111111111111111111
11111] den 111111 1111111111 [1111 11111111 1111111 1110111101111011111
[11101 1111111111. [31]. 11111, 1101101111[10111111111111111111111111
1011111111 1111111110, [11111 nami 1110111 by, 1111, 11011111 11111111-
11111111111 pokuty propadl [111. Α [1111111111 11011111 [11111111 11111
10111 10111111111111111 1111111111, 11110101111111011111 propadli. [38].
11111101 by 1011111 pro 1110111111 110111 11111111111011111 1111111
0111011 neb 1111 neb 1111111011111 1111 [1101111111 1111111, [1111111111
1111111111111111101 daj. [39].11111, 1101 1111111 1111 11111111 111 [11111100
11011111, ‹laj 1111111 XIV 1111111101, ajeho 11101 111 111111111111111;
11111111 111 [1111 1101 1111111, 111 101110 1111 1111111101. [40].11111, 1101
1111110 1111111111 [1011111111 hyl, 111 1111111 by‘ti. A [1111111111 11111111

 

