15 ,1141

muci 111111, 11111111111111111111 1111111111 1111111 by 1111111111. [221 1111
1111111 1111111111 111111 111111 1111111111 11111111111111111, 1111
znich 111111 byl by, 111111 1111111111( 111111 1111111 by, tohu
11111111111111111111, 11 enideo 11111 malui 11,11111111“111,11ησ
1111111111 111111111111111111 111111. Kapauta Χ 0111111111 [auiam] ⁴·
1111111 mmm. [23]. 0111. 1111111111 11111111111111111111111 111111
111111111111111111 111111111111111111111111111111 11111, 1111111111 to ,
11111111111111111111111111111111111 11111111 1111 midam, 1111111111 11
1111111 1111111111 111111 bude. 1111 11111111 111111 1111111111]
1111111111 1111, 11111 1111111 1111 1111111111 11 111111 1111111,
1111111111 1111111. 111111 11111111 1111111111 1111111111 111111 11111-
111111111, 111111 111111111 11 11111111 111111111111111111111111111111111
11111111 1111111 1111111111111111 11111111 111111 111111111111111111
[25]. 0111 11111111 1111111 1111 1 1111111111 1111111 11111111 1111111 by
11111111111 11111111, za 111 1111111 1111111111 11111, 1111 1111111 111
konal. 1111111111 pohynul 1111111 111, 1111111111 111111,111111111
111111 1111111111 11111. 0111. A& 111 1111111111 1111111111 1111111111
1111 111111 1111111 11111 na 111111 111111 11111 11, ve 11111
11111111 se jemu 1111111111111111111. opat. 11111111111111
1111111111 11111111 nebo 1111111111 nenio (111111, 111111 1111 sada
a 1111111111. Ρ111111 111111 1111111, 111111 [majo] 1111111111πί1,
11111 11111111 11111111 [1111 1111111111111111111 11111, te» 1111-
vedlivost 111 111111. 1111111 XI. 0 11111111 amem a 0 111111
[21]. A& 1111 1111111111 1111 11111111 1111111111 111 11111 11111111
by, 1111111111 11111111 1111 111111 1111 12ιο 1111111, 1111111111 1111-
1111, 111111 111. [26]. 111 1111 11111111 111 k 1111111111 1111111
by a 11111 11111 1111 111111111111111111111111111111 1111, [11-
1111 11111] 1111 11111 11111 11, 111 11111 111111 11 1111 §alff-
ciemu 0 1111111111 11111 1111111 proti 11111 1111111 na 1111 nobo
1 111111 1111111111111111111. Τ111 111111111111111 bez 1111111] 1111
1111111, 111111111111111111111111 1 1111111111 11111111, 111 111111.
111111.,411111111111111111111Ι11111]11111111 ten 1111111111
1111111111111 11111 11, 11111111 111111, Be 11 111111 11111111 011111
1111111 11 1111111111· a 1111 1 111· 1111111 od 1111111111 11111111·
1111111111 111111 nebo od 111111111111111111111111111 1111111

potam 11111111· 11111111 111. 111111 111. 1111111 a 111111 111111

 

