100 798, 808, 1,)11010, 101011 1011110,
100101 hospitalis, magister hospita·
100010, pnor, procurator hospmlis
QOmmffiffim
QOQmmm
819, 969, 887-990, 997, 999, 1000,
011101, 11111, provisor urbure 791,

8000100001 hor 961, 11010, rectores
provinciarum, 01001000 999, 870,
873, 0001 1100001101, 0100011, 10-
010100 civitatum 970, 394, 995, 563,
11101, 1011011, 010111 1110101, 1101010111,
magistri scolarum, magister schole,
10010100010, scolarium, 0000100101οτ
οΜΜΜὟΜΜΜ
787, 988, 987, 1000 0010, 110ορ1000
001 00100001 10 der 01000 010 Be-
heim v. 1101101100 11110ιέ11.

8010010010· 1010, renovatores vestium

Spasobilost 1001110101 010111 00011011-
memwmffl
796,1094.

800010 111010, 609.

Smy, 81000 916, 943.

ze 8101000800οα Ε1110011011, ,10111001
0 0101110110 11011101 37, 39, 41.

ze 81001000 810000, 10000011 11001010
Ρ101010110 1044, 1050.
z 8100110010 100011, 0011. 0. 20100 770.

mmmffmmm

81000 80100100, 80100100, Βο10010010 An-
11000 590, 587, 1101100 59, 58, 11000-
00101 609, 881, 10011010 59, ,110110-
11000 8, 53, 995.

ze 81000 0. 0100110100 10001.

Stare Hrady, Aldemburg 771.

stare 010010 emme, 70111 00010 1101-
010, 0101100 91030, 0101100 91000000,
,1011000000 Maior 0101100 91οςοι010,
0101 Frage, (110000, (11000010, Alde
0101 zu Pruge 7, 39, 33, 51,105, 109,
lwwwmwmfflm
178, 180, 181, 936, 996, 949-944,
mmmmfflmw
mmmmmmwu
mmwmfflmmffi
mfflfflwmmmffi
mQQmwmmm
mmmmmfflmm
mwmwmmmm
ummmmmmwu
mwfflwmwmm‚
mwwwfflmmm
mmmmmmwQ
1168,

lm

- 0001008 789, 1049, 1048, 10891064,
1056, 1088, 11110, 0001018 1090, 010
ηωωωωωωωο
0110 0001101 339, 334, 10110010 οΚ01-
000 Horou 413, 1130, 11111100, 00.
Βο00111110901, 00111101ιο 1094, 00.
1010110 1101, 1197, 00. Κ111, 105,
00. 70011000 0 001100, 190, 191,

-1101010 679, 680, 1130, 1001010 (011-
00101, 101101 138, 489 810, 1108, 10-
stely: 00. 11001111010000 00010 39,
00. 1011000 101101 39, 00. Valentius
83, 1010110101 100, 1111000101 0. 1111-
101οί01, 10001 008, 819, 878,

ψωηωωωωω,
mmffimfflmmm
mmmmwfflmem
mmmmffifflfflffl‚
mmmmmmwmt
kamenny 309, 310, 1090, 000100 1090,
0000010011010001010010 156,157, 177,
178,

-mmmwwwww
819, 1130· ,10001 0001011 138, 1104,
,10007 ,1011010110 hor 0101101011 Ι545,
,1011010111 hor vinifmych 544, 545,
0101, 101101 489, ,11100 00001100,
QmQfflQmmffl,
660, 689, 794, prm 11101 966, 968,
,11100 0101100 544, 689, 883, 1168,

- ,11000 (10111009 680, 053, 656, 660,
865, ,11800 00000018 449, 511, 519,
,11000 110ήο001010 790, pr. 81010-
0001010, ,110οο 0001010 141,949, 949,
mmmfflfflfflfflu
mmmmfflmwm
nfflmmwwmm,
1058, 1164, ,110101 0000 0 01110110
739, prodej 0011 383, 483, 485, ,11010-
00111 000101, 509,

- ,1011010111 137,394, 1130, 1188, 1,οὴ-
mmmwmmmm
0101 0001010 114, 0111111, 0110001 478,
0110100 0110110101 943, 944, 309, 304,
mmwmmmmm
1078, 0111οι1 111011 819, 01111 00100011
1111111018, 0010000 0110110001 0 Ηοι·
0111, 1199, 1130, spory 0 0001101101
374, 375,

- 010111, 1111110101 189, 01011, 1000001
399, 334, 0101010 000001 374, 375,
0100001101 10000 819, 0101100 0011
00010111 700, 0110101 1030, 1111 vy·

10001300, Tynsky 11101 1078, 1104, .

000011 1013-1090, 1110110101 ’100111
1073, 00001101 810, 11101,100111 do-

 

