10003110, 00111111, les 1111111111 131-
11111137, 238.

Κ111111 0-7.

Kelner Jindh'ch, 1111111 1111111111110

mmmm&

Kepliczer 01111111, 111111111111111111.
Β1111011111 179.

lm

111111 11. 111111 1181. m. 1091,
11. 3111 1. 11. 1111,

- 111111 01111111111111 1. 01111, Ρ1111,

011111111111111111, 31111111.

- 1111111110 1. 1111111111.
- 011111111111111 1. 11111111), Cho·

11101, 1111111110, 8111111, 31111.

1011111701111,1111111111111111111100. 1170100 01100011, 1111111011 11111110,

111100, 100111 1001, 1010.

Κ111100311,11111 11. 8111111111 1103.
maa, truncus 25.

11010001ιο01, 11111111. 1111111787.
madens 00 01111 1. Ρ1111 1111111111.

z 11101110 711111 171111, 1111111161,
meh, ,11111111 1121111110 1163,

11700111ομ, 01111111, 01111111, 11111111
111111111011111· 610, 717, 748, 901,
936, 017, 000, 111111011111111, 110-
mmmmmmm

τ miska, 111 (11111, 111, 111111111-
111111 11111011111010, 043.

11100110, 111110, 61111. 1111111 0111111-
311. (11111 30, 307, 410. 871.

1111111110, 11111, terra 0111111111 340.
313.

11101101 0111111, (11111111, 1111111 m.
1101111 1. L. 780-788, 1111111111
11111. 11111111 790, 1111113111 11111.
111111 978. 970.

marie, 0111111111, 11011. 11111111011101111
00. 80, 11111111 aminea? 11111111·
1111111 100, 1111111 3111111111, 1
11111111111111111011111Ι 178, 179.

01111001011111111, 11111 10111111 111-
0011111110111 1111111111111111 1000 11
1003.

17011111 11111111, ,11111111 11. 11011
111111· 000.

- 1111111111, 111 01111101, 1111111 1111111
311011111111111111 1111111111111 110,
178-180, 11111 111111111111,Ι 010,
11111111111111 1111111111 170, 111110
jeho: 1111111 170, 180190. 831 asin-
11101. 1100110 00, 001 110101, 1101-
1111 3011111111 1110, 31111110. 1111-
11111. 3111110111 1000-100110111111.
Viciu, 11111111· m, 3111111111 763,
803. 003, 1001-1000.

[111111111111111 11. 1111111.

1116111111101111111181. noo-902. 1006,
1100. 1101, 1111111111 848.

11111οἯ11101 1111111111111 1. ,11111-
111, 1111111131111101111, 01111101,

excommunionem, interdictum 4311100,
701, 1101111111, 11111 civitatis 617,
1011, 1. 7101111111 1111111, pro 111·
111111 u soudu 1170.

11101011, 01111111, 01111111, civitas 11

(1111111111, 0111111111111 111.,0111111,
1111 zu 61111111 91, 100-107,111,
308, 331-333, 333, 310, 311, 308,
Qmmmmfflm
mmmmffimffi
mmmmmmm
mmmmmmm
1017, 1131-1133, bern& 333, 310,
311, 308, 781, 870, 001, 1131-1133,
110 800, 071, 070, (11113111111783,
781, 1133, 11101810, 111111 11111110
030, 1008, 11111111 11111111 014, 784,
800, 372, 1111111111 101111 333, 113,
1111110111111111308, 11111111 1111110
760, 1111110, 11111110 1. 11111111,
1110111 111110 100, 100, 111111 100,
106, 1111111116 91, 100-107,130, 308,
ΜΜΜΜΜΜΜΜ
601. 008, 068, 111111111011, 610,
111111 1111111111 014, 010, 11111 100,
1111111101011 mesta 1111111111 111111.
91, 0111111 738, 1111111 1381,
311143, 111111 1111111111 736, 0110-
bozeni 111 11111111 cla 110, ,11111
1101111111 106, 418, ,11111111 100, 100,
,111111101111111111 848, ,1101101111
311 -383, 707, 0011111, 01111 po-
wwmmmmm
11111110, gravo 1111111110 001, 008,
008, 1111 11111011111308,11011
1111111111608, 608, 81111111 10111110
800,,111111111111111 448, 11111111
111111110111111101331, 310, 148, 011,
080, 080, 730, 738, 700. 810, 1008,
1017, 1131, 1138, 1111111111 680, 783,
1108, 1017,1131, 1131, 11111 1111111111
313, 783, 111011111111 11 (1111111111.
111011000011111111
mfflmmmwwffi
1111011, 610, 738, 1111 11111111 1017,
11111 11111111 308, 331-383, 398, 111111

0111111 381, 111111ξ 1111111 381383,

1111111111 1111111111 308, 11111111 111111
11. 111111 1111111110 11111. 11111111
77*

 

