1229

495, 959, 111111 1111111116 959, 1119111116 999, 5361186, 1111111 11111111 999,
999, 980, 11111111 999, 960, 1111911111 949, 914, 776, 849, 843, 1111111 obeant
590, 111119 516, 519, 590, 1189, 11111 947, 843, 1096, statii 1111111111 1099,
1111111499, 499, lid 1111111391111, 111111 ,1111911 1099, 111111 ,1111111111
1191111111 1199, 1198, 979, 380, statuta 11111111 990, 14111-
-· memiky 11111111 1195, 1196, 1111111111 1111111111111111111 11010111111119591
hor 539, 939, 959, 1119111191 in 1111111111 1111, 11111 111111. 11111 (1· 111
0111111111,111,111,11ο,111,111,111, 1111111111· 111111 111111 1111311111
1111111111, 111, 111,111,111,111, 1911111 1111, ,111111 11111 11111 1 1ζ
111, 111, 111-111, 111,111,111,111, 911111111111111111111717 1111111171
111 111 111 111 111-111111111 11111117 (111111111111-11111 1111111
8⁴³: 1033 {1583 minoe jmssgvskg 111111111111109111110911111151515,
111,111,111,111,’111,111,1111, 1111, 1111 1111111 ,
1111, 1111, 1111, 111111111111-1111, - ,1411411111)11111111717717711 11111111
1194, 111111111111 111111111ιί99, mir (177717111οΠ11 1111719111) 378, 53515311»
1111111119 397, 1111191 947, 1199, nai. 899,1196, 1189, 1111111 11111111, pren·
1191911199,111111111111111111Ηοτγ 177, 11117 378-3811 88111839 1071911111
111,(111111111111, 1111,1111-1111; 111111,378-181,,111111 144-1171, 11111
obchod 443, 449, 754, 1074-1078, 11111111 1199, 11111111ζ11195, 11111611 944
1130, 1111111 1101 1111111119 961, 11111- 111 ²⁶⁰, 8811 1186; ¹1 fd⁰v⁰2²⁴⁶··²⁶⁰3

ὅ11911111111111111098,11191111111197, 111109 1111996111 ¹¹24, ¹¹25, 9119917119
okres 111911111Ῠ397; 1193, 1196, 1111111 1119111119 371,

- 1111111111· 1111 111111111- 1111111911891111111111111111111911
1111111711 11771 11181111111111111117· 11111111, ’111, ’111, ’111, ’111, ’1111Ξ

1111111111 1111 19111 11111 11111 111111 111111γ111111111111111119494-499; 111111
Ῑ1·11111111111111·10911111·111111111111111111111 1119911111 160, 1189, 1111111111 1111111

Ε· “hm ²4⁸³ perkmiffii 11111 1111 131, 960, 961, 11111111111111119 153,
ωὲὼ 1110913111111111111111111111111 -1111111111111419 1186· 1119111111-
1111 1111111111 11, 111, 111, 111, 111, ι 1

· minoe 823 Jfflfflssffllfflflkffsslb 107111, 111111110112116, 1247, 1186; ml
Burni) 948· ’,1111 11111111 963-969 1111111111 11111111111111 1111111011 11111
397, ,1111111111 111111911111111 401 1111111111 11111 1· 111111 11111111 1111111111
ιΞ 490· 1111111111 1191 1199 1194 1111111111 110011111191111111111 1111111
191111· ,111111111191111111-’1511 1111111 11111. 1111 1111111111 1111111111
Ρ, „hm 2⁴4-‘250- pm dffiffing 843, 1111111111 1191, 11119111, 099, 9111
111-111,111-111,’,1111111111111, 11111 11111 1111· , ,

535, pr, Jihlmke 10⁹ 30, 13], pf· zKutnd Hory, Guntyr‚ 111699Ρ1119911Ῠ 7.
11 11111οά1111 1911110111 779, pr. 11111119 11111111Μ11111111, 1119199191 m. Budkjovic
750, 199, pr. 1111111119ηὸ 779, pr. patro· 1069.
11141111 994, 999, 630, 999, 994, 977, pr. 111791, 111111111111111, 1111111111, pellea,
1111411119 949, 944,ρ1111111111099, ,11111111111111111 leder 983, 994, 990
,1111111 1199, 1194, prodej 11111 443, 19999,999,916;111191111, 1111111111-
prubffi 495, 1093,1097, ,1111111111ὶὶ line 914, 1151911 484, 489, ,11111911
443, 993, 853, 854, (1.111411111111119111, 484, 485, 11191119, corii equini 914,
- 11111911111111 1111111119 139, 843, 954 111111,111.11ἰ111111914, 484, 489, kuni,
41. 1111191111111161, 11111111111111111- pellic. asperioline 99, 916, 484, 485,
11111111 1099111111919111 1099, 111111- 11111, pelles 1111111199, 916, 11111119·
kupci 946-948, 1186,1,111119111111111, 1111111, cutes recentes 1111 crude 914,
11111111 111, 1111111111, 111, 111, oves 111, 111, 111, 11111111 111,
979, 449, 494, 619, 594-996, 970, 776, 499, 11111116 949, 1111119, 11111 bo-
{3} 1199, 1111111111νί 1119111119 909, 11111,ἳὲ4, 949, 111111, pellic. leporino
, 06,·. .

- 1911111 11111111 111, 111, 111, 1111, Kvalt v. 1111111-
19111111911111111, 111, 111, 111, 1111111111109711098·
854,1074-1078, 1111111 111191 1191, 111,-1111911999,111111111111111111111111,
111119 delsini 963-959, 111111 1111111 die gewerken 30, 901, 409, 793, 998,
1196, 11914111 990, 380, 494, 990, 999, viz Hernici.

 

